493
1 33 3 45 7 73 9 22 13 77 13 79 15 36 19 75 21 230 25 74 27 38 31 388 33 235 37 402 
1 33 1 45 1 73 3 45 7 73 9 22 13 77 13 79 15 36 20 75 23 230 28 74 31 38 36 388 39 235 44 76 
1 33 1 45 1 73 1 22 3 45 7 73 9 22 13 77 13 79 15 36 20 75 23 230 28 74 31 38 32 80 39 388 45 235 53 76 
1 10 1 45 7 52 10 108 16 82 19 184 25 424 28 163 34 53 37 83 
1 10 1 45 1 52 7 52 10 108 17 82 21 184 28 424 32 163 39 53 43 83 
1 337 1 421 1 403 1 10 1 45 1 52 1 108 7 52 10 108 17 82 21 184 28 424 32 163 36 17 42 53 49 83 59 257 66 394 
1 33 4 39 7 145 10 110 13 55 16 44 19 229 22 182 25 352 28 401 31 130 34 334 37 240 40 56 
1 33 1 39 1 145 4 39 7 145 10 110 13 55 16 44 20 229 24 182 28 352 32 401 36 130 40 334 44 240 48 56 
1 430 1 33 1 39 1 145 1 110 4 39 7 145 10 110 13 55 16 44 20 229 24 182 28 352 32 401 39 130 46 334 53 240 60 56 
1 33 1 81 15 450 
1 106 7 106 
1 93 10 93 12 77 12 78 12 79 16 16 18 48 22 18 24 60 28 318 30 366 34 219 36 445 40 405 
1 40 1 81 15 450 
1 106 7 106 
1 31 10 31 13 116 16 41 19 99 22 228 25 390 28 42 31 97 34 372 37 398 40 283 
1 33 5 28 9 16 13 98 17 18 21 239 25 297 29 97 33 17 37 355 41 366 45 119 49 403 
1 33 1 28 1 16 5 28 9 16 13 98 17 18 22 239 27 297 32 97 37 17 42 355 47 366 52 119 57 403 
1 33 1 28 1 16 1 98 5 28 9 16 13 98 17 18 22 239 27 297 32 97 38 17 44 355 50 366 56 119 62 403 
1 33 1 39 4 98 7 116 10 44 13 228 16 158 19 389 22 242 25 372 28 162 31 38 34 283 
1 14 1 33 1 39 1 98 1 116 4 98 7 116 10 44 13 228 16 158 19 389 20 184 24 242 29 372 34 162 39 38 44 283 
1 64 1 45 5 43 9 31 13 228 17 332 21 119 25 97 29 372 33 355 37 65 
1 365 1 64 1 45 1 43 1 31 5 43 9 31 13 228 17 332 23 119 29 97 35 372 41 355 47 65 
1 35 1 43 4 40 9 44 12 137 17 103 20 51 25 254 25 256 25 255 28 426 33 380 36 114 41 441 
1 423 1 422 1 424 1 35 1 43 1 40 1 44 4 40 9 44 12 137 17 103 20 51 22 242 28 254 28 256 28 255 34 426 42 380 48 114 56 441 
1 84 1 45 5 39 10 86 13 98 18 104 21 21 26 85 29 364 34 97 37 435 42 113 45 87 
1 84 1 39 1 98 1 85 
1 10 3 111 7 28 9 40 13 229 15 129 19 154 21 205 25 210 27 328 31 163 33 360 37 201 
1 10 1 111 1 28 3 111 7 28 9 40 13 229 15 129 19 154 21 205 22 306 28 210 33 328 40 163 45 360 52 201 
1 45 1 10 7 39 9 24 13 40 19 154 21 44 25 270 31 390 33 260 37 242 43 445 45 305 
1 45 1 10 7 39 9 24 13 40 20 154 23 44 28 270 35 390 38 260 43 242 50 445 58 305 
1 10 1 39 1 24 1 40 23 34 43 414 58 276 
1 43 1 64 7 116 9 24 13 40 19 31 21 30 25 270 31 390 33 260 37 398 43 445 45 32 
1 43 1 64 7 116 9 24 13 40 20 31 23 30 28 270 35 390 38 260 43 398 50 445 58 32 
1 64 1 116 1 24 1 40 23 37 43 414 58 224 
1 1 1 45 4 227 7 47 10 3 13 111 16 266 19 107 22 358 25 322 28 381 31 118 34 356 37 236 40 113 43 309 46 361 
1 47 1 3 1 107 1 118 
1 52 4 39 7 46 11 98 14 261 17 109 21 286 24 53 27 219 31 371 34 83 37 445 41 288 44 326 47 126 
1 417 1 52 1 98 1 109 1 219 
1 47 5 111 9 1 13 50 17 205 21 3 25 156 29 34 33 360 37 358 41 102 45 304 49 38 
1 47 1 50 1 111 1 3 
1 141 5 48 9 310 13 44 17 17 21 109 25 314 29 212 33 305 37 114 41 403 
1 103 1 141 1 48 1 310 5 48 9 310 13 44 17 17 21 109 27 314 33 212 39 305 45 114 51 403 
1 71 5 230 9 51 13 77 15 78 17 79 21 72 25 381 29 363 33 236 37 202 41 80 
1 71 1 230 1 51 5 230 9 51 13 77 15 78 17 79 23 72 29 381 35 363 41 236 47 202 53 80 
1 72 1 312 1 78 1 77 53 80 65 76 
1 10 6 78 6 77 11 141 17 147 22 163 27 74 33 202 38 312 43 404 
1 440 1 10 1 78 1 77 1 141 6 78 6 77 11 141 17 147 22 163 30 74 39 202 47 312 55 404 
1 33 1 50 1 193 5 48 11 93 13 77 17 141 23 78 25 60 29 79 35 324 37 428 41 305 47 94 
1 318 1 33 1 50 1 193 1 48 5 48 11 93 13 77 17 141 23 78 25 60 29 79 31 16 37 324 41 428 47 305 55 94 59 405 
1 10 1 28 4 45 7 310 12 222 15 189 18 91 23 389 26 414 29 426 34 163 37 89 40 90 
1 400 1 161 1 10 1 28 1 45 4 45 7 310 12 222 15 189 18 91 23 389 26 328 28 414 33 426 40 163 45 89 50 90 
1 10 1 45 6 44 9 252 14 154 17 103 22 185 25 269 30 6 33 163 38 417 41 372 46 445 49 400 54 364 
1 415 1 10 1 45 1 44 1 252 6 44 9 252 14 154 17 103 22 185 25 269 32 408 37 163 44 417 49 372 56 445 61 400 68 364 
1 346 1 10 5 39 9 55 14 50 18 93 22 352 27 154 31 103 35 244 40 428 44 133 48 56 
1 453 1 346 1 10 1 39 1 55 5 39 9 55 14 50 18 93 22 352 27 154 31 103 37 244 44 428 50 133 56 56 
1 343 1 10 1 67 1 43 1 116 9 154 13 2 17 69 21 103 25 372 33 207 37 238 41 37 45 386 49 370 
1 374 1 10 1 67 1 43 1 116 9 154 13 2 17 69 21 103 25 372 28 99 35 207 41 238 47 37 53 386 59 370 
1 44 1 46 6 52 9 43 14 316 17 270 20 172 25 179 28 424 31 36 34 53 39 97 42 242 45 257 48 394 
1 422 1 44 1 46 1 424 1 316 39 245 
1 346 5 145 8 95 11 55 15 3 18 240 21 34 25 61 28 341 31 187 35 358 38 56 41 426 
1 346 1 145 1 95 5 145 8 95 11 55 15 3 18 240 21 34 27 61 32 341 37 187 43 358 48 56 53 426 
1 61 1 95 1 3 1 66 43 223 53 170 
1 100 
1 100 1 134 1 93 16 93 18 50 22 357 24 60 28 115 30 105 34 427 36 272 40 94 42 248 46 271 
1 100 1 134 1 93 16 93 18 50 22 357 24 60 28 115 30 105 34 427 36 347 40 94 42 248 46 271 
1 67 1 43 7 116 10 2 13 193 19 69 22 279 25 233 31 66 34 358 37 238 43 184 46 223 
1 67 1 43 1 116 7 116 10 2 13 193 19 69 22 279 25 233 32 66 36 358 40 238 44 184 51 223 
1 67 1 43 1 116 7 116 10 2 13 193 19 69 22 279 25 233 32 66 36 358 40 238 44 184 51 223 
1 22 7 74 11 35 13 79 15 77 17 78 23 51 27 282 29 230 35 380 39 75 41 21 47 378 
1 22 1 74 1 35 7 74 11 35 13 79 15 77 17 78 23 51 27 282 29 230 35 380 39 75 41 21 47 378 
1 254 1 256 1 255 1 22 1 79 1 230 1 75 47 437 47 348 
1 40 5 48 8 132 12 51 15 390 19 61 22 35 26 112 29 352 33 398 36 103 40 56 43 378 
1 40 1 48 1 132 5 48 8 132 12 51 15 390 19 61 22 35 26 112 29 352 36 398 42 103 49 56 55 378 
1 33 1 111 4 300 8 397 11 88 15 222 18 120 22 205 25 350 29 89 32 153 36 38 39 444 
1 33 1 111 1 300 1 397 4 300 8 397 11 88 15 222 18 120 22 205 27 350 33 89 38 153 44 38 49 444 
1 33 1 111 1 300 1 397 4 300 8 397 11 88 15 222 18 120 22 205 27 350 33 89 38 153 44 38 49 444 
1 45 1 33 6 39 10 52 15 172 19 23 24 83 28 36 33 97 37 126 42 340 46 394 
1 398 1 224 1 45 1 98 1 39 1 52 6 39 10 52 15 172 19 23 24 83 28 36 33 97 37 126 40 31 47 340 56 394 
1 174 1 281 1 33 6 45 11 55 15 93 20 50 25 29 29 352 34 428 39 303 43 133 48 94 53 240 57 244 
1 174 1 281 1 33 1 45 6 45 11 55 15 93 20 50 25 29 29 352 34 428 37 110 41 303 47 133 54 94 61 240 67 244 
1 319 1 33 6 84 11 48 14 49 17 86 22 209 27 199 30 443 33 103 38 435 43 429 46 393 49 360 54 192 
1 161 1 319 1 33 1 84 1 48 6 84 11 48 14 49 17 86 22 209 27 199 30 443 34 103 40 435 46 429 50 393 54 360 60 192 
1 398 1 64 1 28 1 43 1 210 7 31 9 282 13 332 19 163 21 314 25 14 31 97 33 400 37 403 43 364 45 206 
1 64 1 45 5 98 10 99 14 31 19 228 23 253 28 367 32 458 37 97 41 65 46 283 
1 365 1 64 1 45 1 98 1 99 5 98 10 99 14 31 19 228 23 253 28 367 34 161 41 97 47 65 54 283 
1 29 3 45 7 346 11 196 13 227 17 420 21 156 23 392 27 62 31 453 33 362 37 36 41 291 43 401 47 58 51 219 
1 29 1 45 1 324 1 196 3 45 7 324 11 196 13 227 17 420 21 156 23 392 27 62 31 453 33 362 34 329 37 36 41 291 43 401 47 58 51 219 
1 139 1 1 4 106 7 189 12 50 17 107 20 124 23 426 28 374 33 103 36 188 39 151 44 441 49 262 
1 139 1 1 1 106 1 189 4 106 7 189 12 50 17 107 20 124 23 426 28 374 33 103 36 188 44 151 54 441 65 262 
1 33 4 110 8 48 13 333 16 182 20 43 25 128 28 420 32 62 37 250 40 334 44 362 49 58 
1 390 1 110 1 48 1 62 1 182 28 191 40 131 
1 95 1 122 5 180 8 212 12 174 15 101 19 109 22 389 26 371 29 247 33 138 36 399 40 194 43 171 
1 95 1 122 1 180 5 180 8 212 12 174 15 101 19 109 22 389 25 325 28 371 33 247 39 138 44 399 50 194 55 171 
1 95 1 122 1 180 5 180 8 212 12 174 15 101 19 109 22 389 25 325 28 371 33 247 39 138 44 399 50 194 55 171 
1 300 1 33 1 106 1 20 6 103 9 88 14 99 17 317 22 201 25 21 30 397 33 225 38 174 41 231 46 328 49 38 54 444 
1 1 1 95 7 50 9 93 15 29 18 139 21 96 26 60 29 244 32 29 37 207 40 94 43 417 50 428 53 248 
1 171 1 415 1 1 1 95 1 50 1 93 7 50 9 93 15 29 18 139 21 96 28 60 33 244 38 29 45 207 50 94 55 417 64 428 69 248 
1 300 1 145 5 11 9 43 11 106 15 61 19 341 21 232 25 23 29 182 31 12 35 21 39 362 41 152 45 175 
1 300 1 145 1 11 5 11 9 43 11 106 15 61 19 341 21 232 25 23 32 182 37 12 44 21 51 362 56 152 63 175 
1 268 5 33 8 49 12 209 15 205 19 103 22 113 26 451 29 120 33 129 36 393 40 360 43 153 47 243 
1 268 1 33 1 49 1 209 5 33 8 49 12 209 15 205 19 103 22 113 26 451 29 120 35 129 40 393 46 360 51 153 57 243 
1 140 1 253 1 95 7 115 11 73 17 331 19 78 21 77 23 79 27 93 33 388 37 363 43 76 47 94 
1 402 1 140 1 95 1 93 1 23 17 23 27 121 37 452 47 437 
1 45 3 39 7 125 11 29 13 43 17 116 21 155 23 99 27 206 31 37 33 374 37 198 41 283 43 38 
1 45 1 39 1 125 1 29 3 39 7 125 11 29 13 43 17 116 21 155 23 99 27 206 33 37 37 374 43 198 49 283 53 38 
1 279 1 24 5 96 9 27 13 26 17 280 21 116 25 364 29 136 33 170 37 193 41 299 45 203 49 25 53 370 57 179 
1 279 1 4 6 97 11 228 16 183 16 418 21 364 26 410 31 9 31 8 31 7 36 327 41 5 46 197 51 68 56 370 
1 122 5 48 9 111 13 282 17 35 21 23 25 50 29 21 33 205 37 382 41 287 45 103 49 438 53 378 
1 139 1 33 6 123 10 108 15 372 19 120 24 124 28 114 33 360 37 153 42 188 46 194 51 262 
1 139 1 33 1 123 1 108 6 123 10 108 15 372 19 120 24 124 28 114 33 458 40 153 48 188 55 194 63 262 
1 30 1 39 9 23 13 31 21 184 25 350 33 36 37 32 45 444 49 89 57 224 
1 30 1 39 1 23 1 31 9 23 13 31 21 184 25 350 33 36 37 32 42 359 45 444 49 89 57 224 
1 1 1 45 5 39 9 287 12 135 16 3 20 107 23 47 27 374 31 111 34 113 38 121 42 361 46 38 
1 275 1 132 5 79 8 71 12 74 15 77 19 22 22 20 26 72 29 78 33 246 36 282 40 363 43 21 47 321 50 378 54 438 
1 4 1 43 7 252 10 39 13 44 19 5 22 99 25 146 31 242 34 203 37 200 43 458 46 389 49 179 
1 145 4 108 8 43 11 55 14 116 18 61 23 97 26 239 30 362 35 56 38 349 42 406 
1 145 1 108 1 43 1 55 4 108 8 43 11 55 14 116 18 61 23 97 26 239 30 362 40 56 48 349 57 406 
1 64 1 39 1 346 7 48 11 30 17 352 21 175 27 392 31 31 37 127 41 32 47 97 51 224 
1 398 1 64 1 39 1 346 1 48 7 48 11 30 17 352 21 175 27 392 31 31 40 127 47 32 56 97 63 224 
1 33 1 106 6 55 10 229 15 105 19 293 24 129 28 61 33 107 37 360 42 113 46 408 51 322 55 56 
1 55 1 229 1 105 1 129 28 109 
1 345 1 384 1 385 1 112 1 93 4 383 8 96 11 227 15 3 18 102 22 113 22 115 25 60 29 164 32 278 36 271 39 94 43 272 46 226 50 219 
1 410 1 98 1 43 5 116 9 228 13 206 17 97 21 17 25 210 29 163 33 13 37 104 41 404 45 400 49 458 53 403 57 14 61 364 
1 1 1 122 1 142 1 181 5 122 8 142 11 181 15 3 18 8 21 212 25 313 28 358 33 419 39 34 44 378 49 195 55 59 
1 98 1 43 1 84 7 84 10 67 16 129 19 351 25 113 28 9 37 435 43 85 52 103 58 87 
1 123 1 43 1 52 7 52 10 108 16 185 19 83 25 109 28 7 36 436 41 53 49 241 54 126 
1 11 1 116 4 20 8 69 13 106 18 279 21 280 25 233 30 404 35 37 38 14 42 66 47 12 52 276 
1 33 3 39 5 99 8 30 11 184 15 228 19 156 24 371 29 428 35 36 41 207 48 37 55 416 
1 150 15 33 30 175 
1 37 20 44 23 82 26 43 29 239 32 423 35 401 38 240 41 56 44 349 47 63 
1 47 1 45 1 55 4 54 7 109 10 420 14 352 18 34 22 240 27 195 32 58 37 362 43 219 49 56 55 329 
1 144 
1 39 1 33 1 270 8 28 15 45 22 98 29 44 36 226 43 36 50 387 57 376 
1 39 1 33 1 270 8 28 15 55 22 98 29 44 36 62 43 392 50 387 57 114 64 151 71 56 78 330 
1 39 1 33 1 270 8 28 15 84 22 98 29 24 36 42 43 422 50 387 57 86 64 97 71 87 78 435 
1 39 1 33 1 270 8 28 15 52 22 98 29 44 36 83 43 424 50 387 57 123 64 184 71 126 78 436 
1 176 1 33 1 160 1 159 7 60 12 97 18 105 23 393 29 324 34 278 40 435 45 199 51 161 56 277 62 192 
1 132 1 110 7 44 10 55 16 205 19 43 25 341 28 362 34 182 37 246 43 321 46 350 52 56 
1 132 1 110 1 44 7 44 10 55 16 205 19 43 25 341 28 362 34 182 37 246 40 131 48 321 56 350 67 56 
1 10 1 106 6 71 11 43 16 341 21 28 26 203 31 453 36 72 41 319 46 246 51 378 
1 364 1 10 1 106 1 71 1 43 6 71 11 43 16 341 21 28 26 203 31 453 36 72 40 163 45 319 54 246 63 378 72 400 
1 423 1 424 1 422 1 17 1 48 1 44 1 184 9 46 17 97 25 246 33 242 41 36 49 442 57 63 65 157 73 416 
1 33 4 111 9 133 12 122 17 187 20 281 25 156 28 173 28 214 33 34 36 335 41 205 44 242 49 416 
1 16 1 181 8 54 15 420 22 170 29 246 36 97 43 58 50 115 57 355 64 366 71 59 78 329 85 258 
1 64 1 84 8 86 15 197 22 365 29 246 36 268 43 97 50 435 57 355 64 113 71 65 78 87 85 240 
1 17 1 52 8 83 15 97 22 203 29 246 36 53 43 219 50 403 57 355 64 257 71 76 78 143 85 241 
1 35 1 43 5 86 11 239 15 82 21 21 25 97 31 401 35 407 41 219 45 349 51 200 55 63 
1 35 1 43 1 86 1 239 5 86 11 239 15 82 21 21 25 97 33 401 39 407 47 219 53 349 61 200 67 63 
1 7 1 9 1 355 1 35 1 43 1 86 1 239 5 86 11 239 15 82 21 21 25 97 33 401 39 407 47 219 53 349 55 17 64 200 73 63 
1 93 1 50 8 112 15 129 22 248 29 244 36 357 43 54 50 427 57 133 64 384 64 385 71 94 79 382 86 105 93 219 100 396 
1 1 1 144 10 5 20 118 30 94 40 112 50 246 60 133 70 382 80 226 90 417 100 396 
1 33 1 45 6 75 9 77 12 235 17 115 20 345 23 363 28 230 31 113 34 34 39 219 42 312 45 76 
1 33 1 45 1 75 1 77 6 75 9 77 12 235 18 115 22 345 26 363 32 230 36 113 40 34 46 219 50 312 54 76 
1 33 1 45 1 75 1 77 6 75 9 77 12 235 18 115 22 345 26 363 32 80 34 230 40 113 46 34 54 219 60 312 66 76 
1 33 1 43 6 108 10 52 13 98 19 172 22 111 28 129 31 436 37 53 40 205 46 38 49 284 
1 33 1 43 1 108 6 108 10 52 13 98 20 172 24 111 31 129 35 436 42 53 46 205 53 38 57 284 
1 360 1 33 1 43 1 108 1 52 6 108 10 52 13 98 20 172 24 111 31 129 35 436 42 53 46 205 53 38 57 284 
1 10 1 43 6 55 8 99 13 44 15 184 20 423 22 175 27 242 29 163 34 103 36 37 41 401 43 276 48 56 
1 10 1 43 1 55 6 55 8 99 13 44 15 184 21 423 24 175 30 242 33 163 39 103 42 37 48 401 51 276 57 56 
1 10 1 43 1 55 1 99 6 55 8 99 13 44 15 184 21 423 24 175 30 97 32 242 37 163 45 103 50 37 58 401 63 276 71 56 
1 10 1 193 4 111 7 98 13 154 16 270 19 266 25 21 28 156 31 389 36 133 39 226 42 382 47 304 
1 10 1 193 1 111 1 98 4 111 7 98 13 154 17 270 21 266 28 21 32 156 36 389 42 133 46 226 50 382 56 304 
1 33 1 45 1 193 5 95 9 64 13 253 17 115 21 93 25 36 29 403 33 428 37 326 41 375 45 355 49 138 
1 143 1 33 1 45 1 193 1 95 5 95 9 64 13 253 17 115 22 93 27 36 32 403 37 428 42 326 47 375 52 355 57 138 
1 33 6 48 9 4 14 113 14 115 14 219 17 183 22 226 25 318 30 97 33 129 38 38 41 405 
1 33 1 48 1 4 6 48 9 4 14 113 14 115 14 219 17 183 24 226 29 318 36 97 41 129 48 38 53 405 
1 40 1 81 5 184 8 132 12 141 15 101 19 425 22 154 26 389 29 169 33 97 36 42 40 94 43 398 
1 450 1 40 1 81 1 184 1 132 5 184 8 132 12 141 15 101 19 425 23 154 28 389 32 169 37 97 41 42 46 94 50 398 
1 440 1 103 1 141 1 48 1 310 5 48 9 310 13 44 17 17 21 109 27 314 33 212 39 305 45 114 51 403 
1 145 1 48 6 86 9 175 12 55 17 109 20 209 23 36 28 61 31 324 34 435 39 392 42 56 45 268 
1 145 1 48 1 86 6 86 9 175 12 55 17 109 20 209 23 36 27 254 27 256 27 255 30 61 35 324 40 435 47 392 52 56 57 268 
1 84 1 204 5 39 10 86 13 186 18 417 
1 1 1 204 4 227 7 47 10 186 13 383 16 345 
1 47 1 204 5 111 9 1 13 186 17 383 
1 45 1 204 6 118 10 186 15 281 19 227 24 266 28 273 33 246 37 219 42 226 46 38 51 387 
1 345 1 45 1 204 1 118 1 186 6 118 10 186 15 281 19 227 24 266 28 273 33 246 37 219 42 226 46 38 51 387 
1 64 1 43 6 101 9 100 12 381 17 357 20 382 23 109 28 273 33 375 36 248 39 466 44 384 44 385 47 94 
1 64 1 43 6 101 9 100 12 381 17 357 20 382 23 109 27 366 30 273 37 375 42 248 47 466 54 384 54 385 59 94 
1 33 5 45 10 84 14 86 19 178 23 268 28 435 32 324 37 113 41 408 46 87 
1 33 1 45 1 84 5 45 10 84 14 86 20 178 25 268 31 435 36 324 42 113 47 408 53 87 
1 7 1 33 1 45 1 84 1 86 5 45 10 84 14 86 20 178 25 268 30 9 34 435 42 324 51 113 59 408 68 87 
1 348 1 72 1 230 1 78 1 241 23 345 53 437 
1 33 2 111 7 39 10 55 15 205 18 61 23 392 27 38 32 240 37 401 42 56 
1 33 1 111 1 39 1 55 2 111 7 39 10 55 15 205 20 61 27 392 33 38 40 240 47 401 54 56 
1 452 1 383 1 175 1 67 1 88 6 175 9 67 14 88 17 102 22 335 25 185 30 317 33 157 38 21 41 389 46 38 49 359 
1 61 1 95 1 3 1 195 27 207 37 340 48 304 
1 150 4 235 7 39 10 33 12 77 14 78 16 79 19 331 22 73 25 72 28 178 31 369 34 388 37 202 40 340 43 262 
1 150 1 235 1 39 1 33 4 235 7 39 10 33 12 77 14 78 16 79 20 331 24 73 28 72 32 178 36 369 40 388 44 202 48 340 52 262 
1 150 1 235 1 39 1 33 4 235 7 39 10 33 12 77 14 78 16 79 20 331 24 73 28 72 32 178 36 369 40 388 44 202 48 340 52 262 
1 10 1 39 4 28 8 310 11 226 15 321 18 154 22 129 25 103 29 97 32 458 36 374 39 417 43 387 
1 71 1 74 5 72 9 275 13 320 17 73 21 283 25 388 29 75 33 235 37 241 41 202 45 402 
1 71 1 1 1 74 5 72 9 275 13 320 17 73 21 331 25 388 29 75 33 80 37 241 41 76 43 437 
1 33 1 193 6 98 11 104 14 49 17 197 22 48 27 253 30 228 33 246 38 95 43 17 46 103 49 369 54 403 57 405 
1 55 1 39 5 300 9 341 15 21 19 426 23 133 29 281 33 89 37 240 43 54 43 114 47 330 
1 55 1 39 1 300 5 300 9 341 15 21 19 426 24 133 31 281 36 89 41 240 48 54 48 114 53 330 
1 39 1 33 1 270 8 28 15 93 22 98 29 129 36 60 43 248 50 387 57 244 64 94 71 234 78 384 
1 39 1 33 1 270 8 28 15 228 22 98 29 109 36 185 43 372 50 387 57 212 64 103 71 236 78 385 
1 64 1 310 5 228 11 114 15 17 21 101 25 372 31 269 35 185 41 212 45 389 
1 408 1 237 1 174 1 281 1 33 6 45 11 55 15 93 20 50 25 29 29 352 34 428 39 417 43 207 48 94 53 376 57 244 
1 45 1 149 5 180 10 310 14 109 19 212 23 60 28 220 32 371 37 247 41 195 46 288 50 408 
1 237 
1 68 1 243 1 219 1 194 
1 384 1 385 1 310 1 33 1 45 1 93 5 316 10 23 14 97 19 60 23 226 28 372 32 458 37 94 41 428 46 242 
1 33 1 182 6 120 9 450 12 36 17 229 20 117 23 363 28 191 31 371 34 153 39 334 42 360 45 38 
1 390 1 33 1 182 1 120 1 450 6 120 9 450 12 36 17 229 20 117 23 363 28 191 31 429 33 371 38 153 45 334 50 360 55 38 62 393 67 192 
1 99 5 111 9 281 13 137 17 205 21 180 25 228 29 103 33 355 37 36 41 246 45 91 49 283 53 175 
1 40 5 28 9 106 12 282 16 98 20 210 23 185 27 103 31 163 34 14 38 369 42 404 45 12 
1 422 1 423 1 424 1 300 1 33 1 106 1 20 6 103 9 88 14 99 17 317 22 201 25 21 30 397 33 225 38 174 41 231 46 242 49 38 54 444 
1 423 1 424 1 422 1 33 1 184 1 39 1 204 7 44 13 122 19 29 25 46 31 99 37 36 43 371 49 242 
1 423 1 424 1 422 1 33 1 184 1 39 1 204 7 44 13 122 19 29 27 46 35 99 43 36 51 371 59 242 
1 191 1 33 1 40 9 106 9 107 13 55 17 205 21 390 25 254 25 255 29 279 33 362 37 42 41 36 45 401 49 398 53 194 57 56 
1 418 1 98 1 43 5 116 9 228 13 206 17 97 21 232 25 210 29 163 33 13 37 334 41 404 45 400 49 458 53 442 57 14 61 364 
1 110 1 132 1 117 9 227 14 219 22 35 27 156 35 380 40 450 48 379 
1 400 1 33 1 43 1 30 1 203 7 31 13 332 19 280 25 68 31 36 37 370 43 179 49 364 55 224 
1 10 1 43 1 269 8 98 10 103 14 185 21 154 24 97 28 196 35 163 38 251 42 232 49 420 
1 343 1 10 1 43 1 122 1 313 8 154 15 185 22 230 29 163 36 204 43 156 43 173 50 37 57 374 
1 343 1 10 1 43 1 122 1 313 8 154 15 185 22 230 29 163 38 184 47 156 49 173 58 37 67 359 
1 281 1 123 8 52 11 88 16 106 23 105 26 246 31 133 38 436 41 157 46 34 53 53 56 414 
1 281 1 123 1 52 1 88 8 52 11 88 16 106 23 105 26 246 31 133 40 436 45 157 52 34 61 53 66 414 
1 33 1 316 4 300 8 181 13 189 16 203 20 426 25 196 28 420 32 36 37 89 40 54 44 59 49 133 
1 246 1 64 1 316 1 300 1 181 4 300 8 181 13 189 16 203 20 426 25 196 28 423 32 36 33 31 40 89 48 54 56 59 65 133 
1 33 4 106 8 145 13 105 16 287 20 350 25 61 28 381 32 246 37 392 40 131 44 408 48 243 53 414 
1 55 6 199 10 60 14 62 19 61 23 116 27 331 32 352 36 324 40 58 45 63 
1 441 1 350 1 55 1 132 1 60 1 62 6 132 10 60 14 62 19 61 23 116 25 190 29 331 36 378 42 324 48 58 55 63 
1 217 
1 60 1 331 1 324 1 33 1 145 1 48 1 61 4 48 10 61 13 29 19 97 22 17 28 352 31 36 37 109 40 340 46 392 49 56 
1 43 1 64 6 28 9 129 12 97 17 31 20 364 23 314 28 191 31 319 34 211 39 403 42 163 45 400 
1 43 1 52 4 336 9 123 14 46 17 44 22 316 27 251 30 424 35 185 40 373 43 53 48 242 53 417 
1 422 1 43 1 52 1 336 1 123 4 336 9 123 14 46 17 44 22 316 28 251 32 424 38 185 44 373 48 53 54 242 60 417 
1 281 1 145 1 108 1 43 1 55 4 108 8 43 11 55 14 116 18 61 23 97 26 239 30 362 40 56 48 349 57 406 
1 316 1 33 1 45 1 111 6 175 10 36 15 205 19 363 24 21 28 203 33 204 37 387 42 38 
1 424 1 422 1 30 1 45 1 111 1 175 6 229 10 282 15 205 19 222 24 21 25 31 31 372 39 184 46 89 54 416 
1 176 1 33 1 160 1 111 7 60 12 97 18 105 23 393 29 324 34 278 40 435 45 199 51 161 56 277 62 192 67 63 
1 33 3 43 7 310 10 95 13 23 16 28 21 36 23 109 27 347 33 272 38 428 43 286 49 445 53 382 
1 166 11 166 21 166 31 166 41 166 51 166 61 166 71 166 81 166 91 166 
1 33 1 270 1 252 1 193 
1 279 1 27 6 116 10 228 15 98 19 167 24 229 28 68 33 364 37 97 42 360 46 197 51 370 55 283 
1 1 5 122 8 186 11 181 15 93 18 47 21 212 25 313 28 381 31 419 35 94 38 383 41 195 45 59 
1 98 1 43 7 84 10 67 16 129 19 351 25 113 28 9 34 435 37 85 43 103 46 87 
1 123 1 43 7 52 10 108 16 185 19 83 25 109 28 7 34 436 37 53 43 241 46 126 
1 33 3 45 5 111 8 23 11 208 15 117 19 205 24 34 29 428 35 445 41 360 48 215 55 358 
1 1 1 45 5 39 9 287 12 135 16 3 20 107 23 47 27 374 31 111 34 113 38 121 42 361 46 38 
1 44 1 43 8 84 15 46 22 98 29 209 36 115 43 242 50 422 57 435 64 326 71 240 78 347 85 87 
1 44 1 43 8 52 15 46 22 83 29 23 36 53 43 207 50 424 57 436 64 326 71 126 78 347 85 284 
1 44 1 43 8 61 15 240 22 16 29 62 36 54 43 243 50 423 57 366 64 326 71 56 78 347 85 59 
1 44 1 43 5 201 10 103 14 157 19 184 23 37 28 399 32 371 37 242 41 89 46 444 50 63 
1 44 1 43 1 201 1 103 5 201 10 103 14 157 19 184 23 37 28 399 34 371 41 242 47 89 54 444 60 63 
1 422 1 423 1 424 1 44 1 43 1 201 1 103 5 201 10 103 14 157 19 184 23 37 28 399 34 371 41 242 47 89 54 444 70 63 
1 18 1 311 9 16 15 407 23 326 29 240 37 56 43 177 50 386 57 246 65 219 71 105 79 248 85 363 93 347 99 143 
1 18 1 311 9 16 15 413 23 326 29 241 37 126 43 221 50 386 57 246 65 219 71 105 79 248 85 363 93 347 99 143 
1 73 1 93 1 105 1 215 10 219 19 345 28 246 37 226 46 363 55 377 64 248 73 361 82 437 91 195 
1 1 1 43 6 71 11 98 16 228 21 103 26 72 31 97 36 21 41 197 46 202 51 412 
1 1 1 43 1 71 1 98 6 71 11 98 16 210 17 228 23 103 29 348 35 97 41 21 47 197 53 206 59 437 
1 400 1 1 1 43 1 71 1 98 6 71 11 98 16 404 17 228 23 103 29 348 35 97 43 21 51 197 59 206 67 437 
1 10 1 45 7 116 10 52 16 64 19 28 25 83 28 98 34 163 37 119 43 53 
1 10 1 45 1 116 1 52 7 116 13 52 16 24 17 64 21 28 28 339 32 98 39 163 43 119 50 327 54 394 
1 7 1 10 1 45 1 116 1 52 7 116 13 52 16 24 17 64 21 28 28 339 32 98 36 299 42 163 49 413 59 327 66 394 
1 33 1 45 6 189 10 55 15 117 19 193 24 300 28 36 33 250 37 182 42 56 46 283 
1 33 1 45 1 189 1 55 6 189 10 55 15 117 16 341 20 193 25 426 31 36 37 330 42 182 46 89 53 283 
1 33 1 45 1 189 1 55 6 189 10 55 15 117 16 341 20 193 25 426 31 36 39 330 46 182 52 89 61 283 69 359 
1 33 5 336 9 28 13 44 17 316 21 46 25 207 29 372 33 184 37 269 41 373 45 36 49 389 53 242 
1 33 1 336 1 28 1 44 5 336 9 28 13 44 17 316 22 46 27 207 32 372 37 184 42 269 47 373 52 36 57 168 62 389 
1 33 1 45 5 39 9 29 13 28 17 316 21 300 25 42 29 343 33 175 37 156 41 187 45 374 
1 415 1 33 1 45 1 39 1 29 5 39 9 29 13 28 17 316 23 300 29 154 35 343 41 163 47 156 53 187 59 374 
1 33 1 81 5 40 15 450 
1 106 7 106 
1 71 10 71 13 16 17 78 20 234 24 72 27 18 31 213 34 318 38 202 41 405 
1 106 7 106 
1 93 10 93 13 16 17 182 20 236 24 60 27 18 31 113 34 318 38 92 41 405 
1 310 3 45 5 71 7 267 11 54 15 363 19 72 25 61 31 428 37 240 45 412 
1 310 3 45 5 71 7 267 11 252 15 154 19 346 25 61 31 428 37 253 45 56 
1 310 1 45 1 72 1 267 
1 117 3 106 7 74 13 267 21 235 31 241 43 153 
1 75 1 1 3 106 7 74 13 267 19 252 25 259 31 185 37 13 43 207 49 326 
1 185 1 18 1 417 1 75 49 437 
1 64 1 45 4 116 8 98 13 17 19 104 26 283 34 332 43 97 53 403 
1 365 1 64 1 45 1 116 1 98 4 116 8 98 13 17 19 104 28 283 38 332 49 97 61 403 
1 45 1 55 6 48 11 17 16 54 19 352 24 98 29 355 34 228 37 97 42 332 47 403 
1 45 1 55 1 346 1 17 6 48 11 17 16 54 19 352 24 371 25 182 31 355 38 254 38 256 38 255 43 374 50 366 57 56 
1 45 6 93 10 104 12 100 17 381 21 345 23 347 28 94 32 286 34 248 39 204 43 95 45 138 
1 45 1 93 1 104 1 100 6 93 10 104 12 100 17 381 22 345 25 347 31 94 36 286 39 248 45 204 50 95 53 138 
1 361 1 45 1 93 1 104 1 100 6 93 10 104 12 100 17 273 22 345 25 347 33 94 40 286 45 248 53 445 60 95 65 138 
1 145 7 98 13 230 19 346 25 61 31 97 37 54 37 114 43 226 
1 466 1 145 1 98 1 230 1 346 7 98 13 230 19 346 22 16 26 184 33 78 40 318 47 403 54 18 61 405 
1 71 5 33 9 78 13 73 17 72 21 29 25 77 29 388 33 74 37 202 41 402 45 147 
1 71 1 33 1 78 1 73 5 33 9 78 13 73 17 72 21 29 23 183 25 68 29 395 33 327 37 170 41 402 45 223 
1 10 1 281 7 227 13 303 19 185 25 133 31 343 37 68 43 175 
1 10 1 116 1 227 1 253 7 227 13 253 19 154 25 203 31 163 37 68 43 264 49 179 
1 10 1 281 1 227 1 303 7 227 13 303 19 185 25 133 31 343 36 207 37 68 43 175 49 374 55 386 61 359 
1 10 1 106 5 141 9 28 14 154 19 170 25 206 31 189 38 232 45 91 
1 450 1 10 1 106 1 141 1 28 5 141 9 28 14 154 19 170 20 104 20 210 20 103 25 14 31 163 38 97 45 226 52 404 
1 10 1 106 5 141 9 28 14 154 19 170 25 180 31 109 38 425 45 288 52 377 59 247 
1 1 5 253 11 310 15 336 21 48 25 23 31 103 35 46 41 156 41 214 45 304 
1 1 1 253 1 310 1 336 5 253 11 310 15 336 20 44 23 48 29 23 37 103 43 46 51 156 51 214 57 304 
1 423 1 424 1 422 1 1 1 253 1 310 1 336 5 253 11 310 15 336 20 44 23 48 29 23 37 103 40 242 45 46 55 156 55 214 63 304 71 63 
1 33 1 116 4 28 7 292 10 233 13 252 16 18 19 282 22 265 25 187 28 395 31 69 34 358 37 203 40 370 43 179 
1 362 1 33 1 116 1 28 1 292 4 28 7 292 10 233 13 252 16 18 19 282 22 265 27 187 32 395 37 69 42 358 47 203 52 370 57 179 
1 150 2 204 7 39 10 145 15 21 18 55 
1 33 7 106 13 88 19 335 25 86 31 157 37 201 43 156 49 408 55 435 61 444 67 192 73 199 79 414 
1 252 1 45 1 39 1 33 4 193 8 213 11 47 15 3 18 383 22 274 25 204 29 185 32 358 36 343 39 215 42 38 46 445 
1 252 1 213 1 47 1 3 
1 43 1 10 4 193 8 101 11 310 15 154 18 252 22 197 25 425 29 282 32 185 36 386 39 421 43 408 46 109 50 428 53 247 57 212 
1 310 6 313 11 44 16 230 21 11 26 185 31 226 36 242 41 334 46 389 51 254 51 256 51 255 56 442 
1 33 4 106 8 189 11 29 15 232 18 334 22 46 25 36 29 442 32 182 36 319 39 231 43 38 46 368 
1 33 1 106 1 189 1 29 4 106 8 189 11 29 15 232 18 334 22 46 25 36 29 442 34 182 40 319 45 231 51 38 56 368 
1 33 1 106 1 189 1 29 4 106 8 189 11 29 15 232 18 334 22 46 25 36 29 442 34 182 40 319 48 231 57 38 65 368 
1 117 4 96 8 93 11 197 15 237 18 170 22 364 25 347 29 395 32 136 36 244 39 379 43 179 46 105 
1 7 1 9 1 8 1 117 1 96 1 93 1 197 4 96 8 93 11 197 15 237 18 170 22 364 25 347 29 395 32 136 36 244 42 379 49 179 55 105 
1 33 4 86 9 43 12 336 17 98 20 209 25 316 28 44 33 422 36 46 41 435 44 268 49 87 
1 424 1 33 1 86 1 43 1 336 4 86 9 43 12 336 17 98 20 209 25 316 30 44 37 422 42 46 49 435 54 268 61 87 
1 45 3 86 7 98 10 270 15 209 17 227 21 313 24 383 29 129 31 313 35 268 38 87 42 226 44 97 48 387 51 417 
1 45 3 86 7 98 10 270 15 209 17 227 21 204 24 383 29 129 31 313 35 268 38 87 42 226 44 97 48 376 51 417 
1 148 1 33 5 104 9 109 13 236 17 98 21 294 25 324 29 182 33 270 37 428 41 405 45 38 
1 33 5 230 9 204 13 236 17 98 21 273 25 227 29 260 33 270 37 428 41 405 45 343 
1 71 4 74 7 40 10 78 13 72 16 73 19 345 22 320 25 202 28 390 31 230 34 275 37 92 40 80 43 312 46 235 
1 1 6 281 9 139 14 124 17 133 23 227 28 92 34 254 34 255 34 256 39 188 44 380 49 378 54 441 
1 1 1 281 1 139 1 124 6 281 9 139 14 124 17 133 23 227 26 34 30 92 38 254 38 255 38 256 45 188 52 380 59 378 66 441 
1 43 1 44 6 99 8 116 11 184 16 423 18 103 21 207 26 372 28 242 31 453 36 97 38 36 
1 364 1 43 1 44 1 99 1 116 6 99 8 116 11 184 16 423 18 103 21 207 26 372 28 242 30 163 34 453 40 269 45 97 50 130 56 400 
1 150 4 45 7 55 11 205 14 250 17 310 21 352 24 54 27 156 31 362 34 323 37 133 41 291 44 340 47 56 
1 150 1 45 1 55 1 205 4 45 7 55 11 205 14 250 17 310 21 352 24 54 27 156 31 362 34 323 37 133 46 291 54 340 62 56 
1 45 1 33 5 52 11 222 15 116 21 36 25 133 31 436 35 414 41 89 45 53 51 38 
1 45 1 33 1 52 1 222 5 52 11 222 15 116 21 36 25 133 31 436 33 157 39 414 49 89 57 284 67 90 
1 52 4 123 7 110 12 174 17 83 20 108 23 229 28 53 33 34 36 182 39 436 44 334 49 133 52 175 55 257 
1 150 7 149 10 316 14 60 15 244 18 109 21 277 26 428 29 156 29 173 34 371 41 94 46 408 48 340 
1 150 1 149 1 316 1 60 7 149 10 316 14 60 15 244 18 109 21 277 26 428 29 156 29 173 37 371 47 94 55 408 60 340 
1 33 5 253 10 383 14 185 19 60 23 95 28 146 32 389 37 298 41 244 46 38 50 175 55 37 
1 44 9 28 17 185 25 328 33 242 41 91 49 201 57 63 65 414 73 89 81 364 89 90 
1 49 1 28 1 185 1 328 9 28 17 185 25 328 33 48 35 225 41 103 49 201 57 63 
1 49 1 28 1 185 1 328 9 28 17 185 25 328 33 48 35 225 41 103 45 337 49 201 57 63 
1 40 1 43 5 71 9 74 13 73 17 28 21 42 25 275 29 185 33 191 37 389 41 371 45 302 49 178 53 201 57 194 
1 279 1 40 1 43 1 71 1 74 5 71 9 74 13 73 17 28 21 42 25 275 29 185 35 191 41 389 47 371 53 302 59 178 65 201 71 194 
1 64 1 45 5 310 9 47 13 31 18 219 23 54 28 36 32 363 36 119 40 287 45 406 50 195 
1 365 1 64 1 45 1 310 1 47 5 310 9 47 13 31 18 219 23 54 28 36 32 363 35 225 39 349 46 287 54 406 62 195 70 143 
1 10 1 43 5 98 9 14 14 210 18 163 22 228 27 373 31 306 35 269 40 197 44 206 48 404 53 370 
1 35 7 122 10 44 16 342 19 103 25 137 28 242 34 305 37 207 43 114 46 400 52 398 55 378 
1 33 1 106 1 93 9 88 12 95 20 397 23 149 31 373 34 322 42 377 45 94 53 248 56 153 
1 33 1 106 1 93 9 88 12 83 20 397 23 149 31 373 34 322 42 377 45 157 53 76 56 153 
1 189 6 300 6 346 10 55 14 426 18 133 22 352 26 222 31 156 31 173 35 401 39 89 43 248 47 90 
1 428 1 321 1 189 1 300 1 346 6 300 6 346 10 55 14 426 18 133 22 352 26 222 33 156 33 173 39 401 45 89 51 248 57 90 
1 145 7 106 10 11 13 43 20 61 23 182 26 282 32 269 35 400 38 152 44 14 47 242 53 12 
1 145 1 106 1 11 1 43 7 106 10 11 13 43 20 61 23 182 26 282 30 129 34 269 39 400 44 152 52 14 57 242 65 12 
1 93 3 106 5 229 7 189 11 60 15 317 19 120 25 246 31 379 37 201 45 322 53 414 61 377 71 153 
1 100 1 93 1 106 1 229 3 106 5 229 7 189 11 60 15 317 19 120 25 246 31 379 36 63 40 201 51 322 62 414 73 377 86 153 
1 310 1 132 8 51 15 275 22 109 29 133 36 380 43 246 50 412 57 254 57 255 57 256 64 378 
1 310 1 132 1 51 1 275 8 51 15 275 22 109 29 133 36 246 46 380 56 412 66 254 66 255 66 256 76 378 
1 10 1 106 7 300 13 55 19 232 25 182 31 246 37 210 43 163 49 350 55 306 61 404 
1 10 1 106 1 300 1 55 7 300 13 55 19 232 25 182 31 246 37 210 46 163 55 350 67 306 73 404 
1 150 15 33 30 175 
1 55 1 35 5 346 9 287 13 352 17 239 21 105 25 445 29 401 33 240 37 56 41 213 45 219 49 392 
1 33 10 55 10 52 10 181 20 240 20 241 20 258 30 311 
1 168 1 39 1 310 1 122 1 10 4 20 7 185 10 154 14 364 18 60 22 425 27 163 32 103 37 164 43 389 49 421 55 246 
1 282 5 103 8 101 13 174 16 180 20 425 23 261 28 185 31 247 35 389 38 373 43 289 46 288 50 271 
1 282 1 103 1 101 1 174 8 103 5 101 13 174 16 180 20 425 23 261 28 185 31 247 35 389 42 373 51 289 58 288 66 271 
1 43 1 101 6 50 9 193 14 310 17 109 22 425 25 228 30 174 33 261 38 212 41 371 46 248 
1 7 1 8 1 9 1 356 1 20 1 43 1 101 1 50 6 50 9 193 14 310 17 109 22 425 25 228 30 174 33 261 37 325 43 212 51 371 61 248 
1 43 1 16 7 74 11 75 17 23 21 230 27 18 31 345 37 34 41 235 47 403 51 76 57 363 61 437 
1 35 6 45 9 310 14 93 17 253 22 36 25 281 30 149 33 38 38 215 41 219 46 326 49 361 
1 10 1 364 4 43 9 269 12 98 17 13 20 228 25 14 28 44 33 104 36 163 41 248 44 389 49 197 52 400 57 382 60 427 65 195 
1 150 1 204 1 227 15 68 15 243 15 219 15 194 
1 181 1 43 4 104 10 44 13 196 19 29 22 182 28 423 31 242 37 420 40 258 46 59 
1 181 1 43 1 104 1 44 4 104 10 44 13 196 19 29 22 182 28 423 31 242 37 58 40 258 51 59 59 329 
1 111 1 181 1 45 1 55 7 227 13 301 19 34 25 62 31 258 37 156 37 173 43 59 49 329 
1 181 1 45 1 55 1 227 7 227 13 301 19 34 25 62 31 258 32 207 39 156 39 173 47 59 55 329 
1 242 1 181 1 45 1 55 1 227 7 227 13 301 19 34 25 62 31 258 32 207 39 156 39 173 44 423 52 59 65 329 
1 128 1 55 1 250 1 334 
1 250 6 44 10 103 15 352 19 184 24 423 28 362 33 226 37 291 42 242 46 401 51 56 
1 250 6 93 10 97 15 352 19 133 24 392 28 445 33 226 37 291 42 94 46 401 51 56 
1 33 1 106 8 55 15 317 22 281 29 36 36 300 43 246 50 38 57 291 64 156 71 56 78 457 
1 33 4 204 7 55 9 97 14 36 17 381 22 213 27 186 31 352 37 392 40 445 46 175 51 219 
1 99 5 44 10 43 16 29 20 116 25 52 31 225 35 428 40 184 46 242 50 337 55 38 
1 99 1 44 1 43 1 29 5 44 10 43 16 29 20 116 25 52 30 182 32 225 37 428 43 184 50 242 55 337 61 38 
1 424 1 422 1 99 1 44 1 43 1 29 5 44 10 43 16 29 20 116 25 52 30 182 32 225 37 428 43 184 50 19 53 242 61 337 70 38 
1 36 
1 393 1 36 1 232 1 93 20 232 20 93 24 184 28 228 32 418 36 94 40 334 44 97 48 309 52 428 56 63 
1 393 1 36 1 232 1 93 20 232 20 93 24 184 28 228 32 418 36 94 40 334 44 97 45 359 53 309 62 428 71 63 
1 153 1 23 9 88 17 174 25 276 33 246 41 334 49 451 57 199 65 192 73 444 81 359 89 63 
1 153 1 23 9 196 17 174 25 276 33 246 41 133 49 451 57 199 65 192 73 58 81 359 89 63 
1 153 1 23 9 232 17 174 25 276 33 246 41 334 41 133 49 451 57 199 65 192 73 442 73 430 81 359 89 63 
1 149 5 273 10 270 15 219 20 225 25 346 30 287 35 296 40 428 45 105 50 375 55 204 60 361 65 94 70 406 
1 149 5 377 10 270 15 219 20 225 25 182 30 287 35 295 40 428 45 105 50 375 55 349 60 262 65 94 70 406 
1 352 5 184 15 34 20 330 30 392 35 58 45 246 50 323 60 347 65 401 75 329 80 38 90 56 
1 341 5 184 15 436 20 359 30 156 35 89 45 246 50 284 60 339 65 414 75 90 80 76 90 126 
1 239 5 184 15 242 20 304 30 156 35 403 45 246 50 200 60 349 65 19 75 245 80 63 90 406 
1 273 1 93 5 156 10 129 15 270 20 94 25 287 30 156 35 428 40 38 45 356 50 361 55 248 60 322 65 387 70 353 
1 43 1 35 9 101 17 100 25 282 33 228 41 94 49 289 57 375 65 428 73 322 81 105 89 354 97 63 
1 33 5 110 9 71 13 75 17 174 21 44 25 72 29 73 33 235 37 242 41 202 45 437 
1 33 1 110 5 110 9 71 13 75 17 174 22 44 27 72 32 73 37 235 42 242 47 202 52 437 
1 452 1 33 1 110 1 71 1 75 5 110 9 71 13 75 17 174 22 44 27 72 32 89 33 73 39 235 45 242 51 202 57 437 
1 10 1 43 7 52 9 269 15 154 17 172 23 417 25 259 31 263 33 83 39 303 41 53 
1 10 1 43 1 52 7 52 9 269 14 183 16 154 19 172 26 364 29 259 36 370 39 83 46 303 49 394 
1 10 1 43 1 52 1 269 7 52 9 269 14 183 17 154 21 172 29 364 33 386 41 370 45 83 53 347 57 394 
1 1 4 45 8 145 11 346 15 64 18 61 22 117 25 31 29 362 32 250 36 54 39 65 43 56 
1 33 1 45 4 45 8 145 11 346 15 64 16 232 19 61 24 117 28 31 33 362 37 250 42 54 46 65 51 56 
1 33 1 45 1 145 4 45 8 145 11 14 15 64 16 232 19 61 24 207 28 31 33 362 36 453 39 250 46 54 52 65 59 56 
1 33 1 45 5 98 9 17 13 104 17 283 21 18 25 332 29 36 33 97 37 413 
1 33 1 45 1 98 5 98 9 17 13 104 18 283 23 18 28 332 33 36 38 97 43 413 
1 33 1 45 1 98 1 17 5 98 9 17 13 104 18 283 23 18 28 332 33 36 34 370 41 97 49 413 
1 33 5 45 9 111 13 205 17 29 21 158 25 281 29 133 33 36 37 162 41 276 45 174 
1 33 1 45 5 45 9 111 13 205 15 55 18 29 23 158 28 281 33 133 38 36 43 162 48 276 53 174 
1 45 1 117 16 450 
1 45 1 117 10 210 14 141 18 47 22 116 26 163 30 404 34 103 38 269 42 400 46 405 50 195 
1 33 5 43 9 268 13 209 17 44 21 46 25 207 29 422 33 242 37 184 41 435 
1 33 1 43 5 43 9 268 13 209 18 44 23 46 28 207 33 422 38 242 43 184 48 435 
1 33 1 43 1 268 5 43 9 268 13 209 18 44 23 46 28 207 35 422 42 242 49 184 56 435 
1 71 4 74 7 346 10 78 13 72 16 388 
1 311 1 40 1 72 1 345 1 230 
1 29 1 43 6 116 10 228 15 36 19 184 24 372 28 246 33 428 37 103 43 457 
1 29 1 43 6 116 10 228 15 36 19 184 24 372 28 246 30 283 36 428 43 103 52 457 
1 33 1 182 6 269 10 319 15 36 19 334 24 207 28 246 33 203 37 368 43 442 
1 33 1 182 1 269 1 319 6 269 10 319 15 36 19 334 24 207 28 246 30 335 36 203 43 368 52 442 
1 182 10 33 15 450 20 237 
1 33 10 182 15 450 20 237 23 93 26 75 29 74 32 60 35 445 38 175 41 213 44 94 47 437 
1 33 10 182 15 450 20 237 23 93 26 16 29 77 32 60 35 293 38 318 41 403 44 94 47 405 
1 230 1 16 13 450 
1 230 1 16 3 40 7 109 9 210 13 455 15 228 19 154 21 408 25 456 27 92 31 163 33 445 37 454 39 207 43 194 
1 45 1 117 5 98 9 204 13 209 17 203 21 129 25 186 29 435 33 162 37 387 
1 49 1 45 1 346 3 98 6 55 10 228 15 129 21 453 28 97 36 250 45 13 
1 423 1 49 1 45 1 346 1 98 3 98 6 55 10 228 15 129 21 453 26 242 29 97 39 250 50 13 
1 33 7 74 10 73 13 270 19 345 22 241 28 388 31 36 37 76 40 381 
1 33 1 74 7 74 10 73 13 270 19 345 22 241 25 80 30 388 35 36 43 76 48 381 
1 189 2 300 4 106 7 352 11 426 16 237 22 240 29 34 37 330 46 105 
1 189 1 300 1 106 1 352 2 300 4 106 7 352 11 426 16 237 22 240 29 34 41 330 54 105 
1 10 1 39 1 28 1 310 4 28 8 310 11 226 15 321 18 154 22 129 25 103 29 97 32 458 36 374 39 417 43 387 
1 132 1 107 6 310 11 16 14 116 17 371 22 254 27 256 27 255 30 466 33 226 38 247 43 153 
1 132 1 107 1 310 1 16 6 310 11 16 14 116 17 371 22 254 27 256 27 255 32 466 37 226 44 247 51 153 
1 150 1 1 1 111 1 193 6 203 13 218 16 98 23 26 26 226 33 97 36 146 43 204 46 340 53 361 
1 243 1 277 1 150 1 1 1 111 1 193 6 203 13 216 16 98 23 26 26 226 33 97 36 146 43 204 46 340 53 361 
1 381 1 345 1 45 1 149 1 180 1 310 
1 310 1 228 1 114 1 17 25 207 35 417 45 400 55 399 
1 252 5 10 8 45 13 95 17 185 20 154 25 204 29 274 32 445 37 163 41 389 45 213 
1 252 1 10 1 45 5 10 8 45 13 95 17 185 20 154 25 204 29 274 32 445 37 163 38 207 45 34 53 213 
1 35 6 45 9 310 14 93 17 253 22 387 
1 10 1 116 4 139 7 103 10 154 14 108 18 364 22 163 27 92 32 400 38 262 44 153 
1 10 1 116 1 139 4 139 7 103 10 154 14 108 18 364 22 163 27 92 32 400 34 53 42 262 52 153 
1 33 1 93 7 95 12 286 14 109 19 326 26 334 30 219 35 360 37 248 41 185 49 371 52 377 
1 241 1 240 1 33 1 93 1 95 1 286 7 95 12 286 14 109 19 326 26 334 30 219 33 335 38 360 43 248 50 185 61 371 67 377 
1 313 1 383 6 175 9 67 14 88 17 102 22 335 25 185 30 317 33 157 38 21 41 389 46 38 
1 321 1 112 1 93 4 383 8 96 11 227 15 3 18 102 22 113 22 115 25 60 29 164 32 278 36 271 39 94 43 272 46 226 50 219 
1 1 1 204 5 383 9 287 12 186 
1 64 5 45 9 119 13 47 17 31 21 448 25 269 29 102 33 355 37 253 41 297 45 304 
1 174 1 228 1 109 1 180 1 425 7 185 13 95 19 138 25 466 31 389 37 417 43 262 49 399 
1 33 3 28 7 82 13 201 15 36 19 328 25 163 27 337 31 91 37 407 
1 33 1 28 3 28 7 82 13 201 15 36 19 328 28 163 33 337 40 91 49 407 
1 424 1 33 1 28 1 82 1 201 3 28 7 82 13 201 15 36 19 328 28 163 33 337 40 91 48 242 55 407 
1 118 1 316 1 33 4 111 9 133 12 122 17 278 20 103 25 254 28 256 33 34 36 374 41 205 44 363 49 387 
1 98 1 193 1 203 6 68 11 395 15 364 19 179 24 103 29 383 
1 399 1 98 1 193 1 197 1 232 6 68 11 395 15 364 19 198 24 319 29 382 33 14 37 396 42 370 47 406 51 245 
1 33 1 28 7 44 13 281 19 36 19 91 25 328 31 242 37 89 44 38 50 90 
1 423 1 424 1 422 1 33 1 28 1 44 1 281 7 44 13 281 19 36 19 91 25 328 31 242 40 89 50 38 60 90 
1 44 1 40 1 43 6 282 12 42 17 367 23 184 28 390 34 450 39 305 45 242 50 440 
1 422 1 423 1 424 1 44 1 40 1 43 1 282 6 282 12 42 17 367 23 184 28 390 34 450 39 305 49 242 58 440 
1 310 3 189 8 40 10 269 15 228 17 185 22 279 24 207 29 426 31 389 36 417 38 398 43 188 45 260 
1 310 1 189 1 40 3 189 8 40 10 269 15 228 17 185 22 279 24 207 29 426 31 389 36 417 41 398 49 188 54 260 
1 20 1 74 7 44 11 22 17 230 21 275 27 185 31 254 31 255 31 256 37 242 41 378 47 438 
1 1 6 55 10 213 13 240 17 16 22 352 26 445 29 219 33 392 38 250 42 369 45 340 49 318 
1 1 1 55 1 213 6 55 10 213 13 240 17 16 22 352 26 445 29 219 35 392 42 250 48 369 53 340 59 318 
1 33 1 145 4 48 10 61 13 29 19 97 22 17 28 352 31 36 37 109 40 340 46 392 49 56 
1 181 1 43 5 75 9 196 13 320 17 207 21 54 26 420 31 275 36 452 41 59 46 329 
1 8 1 181 1 43 1 75 1 196 5 75 9 196 13 320 17 207 21 54 26 420 31 275 36 452 47 59 58 329 
1 373 1 279 1 372 1 10 1 43 1 269 1 98 8 98 10 103 14 185 21 154 24 417 28 196 35 400 38 374 42 232 49 399 
1 243 1 112 1 319 1 33 1 84 1 48 6 84 11 48 14 49 17 86 22 209 27 199 30 443 34 103 40 435 46 429 50 393 54 360 60 192 
1 122 5 48 9 111 13 282 17 35 21 23 25 50 29 21 33 205 37 382 41 287 45 103 49 438 53 378 57 360 
1 398 1 30 1 39 1 23 1 31 9 23 13 31 21 184 25 350 33 36 37 32 42 359 45 444 49 89 57 224 61 439 
1 275 1 132 5 79 8 71 12 74 15 77 19 22 22 20 26 72 29 78 33 246 36 282 40 363 43 21 47 321 50 378 54 438 57 335 
1 7 1 98 1 43 1 84 1 67 7 84 10 67 16 129 19 351 25 113 28 9 37 435 43 85 52 103 58 87 67 416 
1 9 1 123 1 43 1 52 1 108 7 52 10 108 16 185 19 83 25 109 28 7 37 436 43 53 52 241 58 126 67 63 
1 143 1 245 1 396 1 403 
1 400 1 450 1 33 1 193 1 98 1 104 6 98 11 104 14 49 17 197 22 48 27 253 30 228 33 246 38 364 43 163 46 103 49 369 54 403 57 405 
1 39 1 33 1 270 8 28 15 75 22 98 29 235 36 345 43 202 50 387 57 320 64 241 71 348 78 14 
1 39 1 33 1 270 8 28 15 196 22 98 29 44 36 420 43 423 50 387 57 243 64 258 71 59 78 112 
1 422 1 423 1 424 1 398 1 28 1 106 1 282 5 28 9 106 12 282 16 98 20 210 23 185 27 103 31 400 34 14 38 369 42 404 45 12 
1 246 1 64 1 316 1 300 1 181 4 300 8 181 13 189 16 203 20 426 25 258 28 423 32 36 33 458 40 89 48 54 56 59 65 184 
1 433 1 176 1 33 1 160 1 417 7 60 12 97 18 105 23 393 29 324 34 373 40 435 45 199 51 161 56 277 62 192 67 63 
1 348 1 400 1 43 1 93 1 104 1 100 6 93 10 104 12 100 17 210 22 163 25 14 31 427 36 270 39 364 45 206 50 182 53 370 
1 393 1 356 1 33 1 334 1 443 1 335 7 334 13 443 19 335 25 86 31 157 37 201 43 156 49 408 55 435 61 444 67 192 73 199 79 414 
1 7 1 8 1 9 1 356 1 20 1 43 1 101 1 50 6 50 9 193 14 310 17 109 22 425 25 228 30 174 33 261 37 325 43 212 51 371 61 248 
1 181 1 43 1 104 1 310 4 104 10 310 13 196 19 109 22 466 28 358 31 445 37 420 40 258 51 59 59 194 
1 271 1 310 1 86 1 84 1 109 8 253 15 104 22 351 29 466 36 164 43 268 50 435 
1 156 1 93 6 286 16 203 21 129 31 281 36 248 46 133 51 326 61 175 66 363 76 262 
1 156 1 93 6 286 16 182 21 129 31 381 36 248 46 204 51 326 61 383 66 363 76 361 
1 156 1 93 6 286 16 197 21 129 31 253 36 248 46 417 51 326 61 387 66 363 76 153 
1 225 1 184 6 232 10 246 15 163 19 408 24 368 28 337 33 414 37 396 42 430 46 459 
1 225 1 184 6 352 10 246 15 163 19 408 24 401 28 337 33 414 37 396 42 56 46 460 
1 246 9 43 17 424 25 319 33 242 41 184 49 436 57 83 65 442 73 414 81 257 88 444 96 463 
1 7 1 8 1 9 1 146 1 282 1 109 1 193 25 279 50 428 75 462 100 416 
1 225 1 184 6 466 10 246 15 163 19 425 24 194 28 337 33 414 37 396 42 421 46 467 
1 93 1 104 11 219 20 54 29 62 38 248 47 163 57 236 66 427 75 375 84 461 93 94 
1 145 1 346 9 204 16 48 24 61 31 151 39 250 46 352 54 392 61 291 69 240 
1 294 1 145 1 346 9 204 16 48 24 61 31 151 39 250 46 352 54 392 61 291 69 240 76 391 
1 466 1 50 11 98 20 95 29 185 38 171 47 104 57 114 66 464 75 417 84 138 93 399 
1 74 10 345 19 73 28 235 37 230 46 363 55 388 64 312 73 412 82 186 91 361 100 465 
1 69 1 322 1 363 1 386 10 356 20 414 30 304 40 245 50 287 60 248 70 105 80 63 90 195 100 449 
