151
1 33 1 45 7 73 13 22 20 77 27 75 34 74 41 79 48 76 
1 33 1 45 1 73 7 73 13 22 22 77 30 75 38 74 46 79 54 76 
1 33 1 45 1 73 1 22 7 73 13 22 22 77 30 75 43 74 55 79 65 76 
1 10 1 45 9 52 15 43 22 99 30 163 38 53 46 83 
1 10 1 45 1 52 9 52 15 43 24 99 33 163 42 53 56 83 
1 10 1 45 1 52 1 43 9 52 15 43 24 99 36 163 46 53 55 83 
1 33 1 39 8 145 15 55 22 44 28 110 35 130 42 56 
1 33 1 39 1 145 8 145 15 55 24 44 31 110 39 130 47 56 
1 33 1 39 1 145 1 55 8 145 15 55 24 44 31 110 42 130 52 56 
1 33 1 81 
1 106 
1 93 12 93 15 77 16 78 17 79 21 48 26 18 32 60 
1 40 1 81 
1 106 
1 31 12 31 16 116 20 41 25 99 30 42 35 97 
1 16 5 28 12 98 19 18 28 17 36 97 44 119 
1 16 1 28 5 28 12 98 21 18 31 17 40 97 49 119 
1 16 1 28 1 98 5 28 12 98 21 18 31 17 44 97 54 119 
1 33 1 39 7 98 14 158 23 116 34 162 
1 33 1 39 1 98 7 98 14 158 27 116 41 162 
1 64 1 45 9 43 15 31 22 119 29 65 36 97 
1 64 1 45 1 43 9 43 15 31 25 119 34 65 43 97 
1 35 1 43 10 40 17 44 24 137 31 103 38 51 
1 35 1 43 1 40 10 40 17 44 27 137 36 103 47 51 
1 84 1 45 9 86 16 98 26 129 33 97 43 87 
1 84 1 45 1 86 
1 10 10 28 17 163 24 40 31 129 38 154 
1 10 1 28 10 28 17 163 27 40 36 129 47 154 
1 45 1 33 8 10 14 40 21 39 29 44 36 154 43 24 
1 45 1 33 1 10 8 10 14 40 23 39 32 44 41 154 50 24 
1 33 1 10 1 39 1 34 8 10 14 40 23 34 
1 43 1 33 8 30 14 40 21 116 29 31 36 32 43 24 
1 43 1 33 1 30 8 30 14 40 23 116 32 31 41 32 50 24 
1 33 1 30 1 40 1 37 8 30 14 40 23 37 
1 1 1 45 13 47 18 3 24 107 31 118 39 111 48 113 
1 47 1 3 1 107 1 118 
1 52 1 39 16 98 21 46 28 109 35 53 42 83 
1 52 1 39 1 98 1 46 
1 47 9 1 14 50 19 111 24 3 29 156 34 34 39 38 
1 47 1 50 1 111 1 3 
1 141 10 48 15 44 21 109 28 17 36 114 
1 141 1 103 1 44 10 48 15 44 21 109 32 17 43 114 
1 71 15 77 17 78 19 79 24 51 33 80 46 76 
1 71 1 77 1 78 15 77 17 78 19 79 28 51 38 80 52 76 
1 78 1 79 1 51 1 80 15 77 17 78 19 79 
1 10 13 78 20 141 27 147 34 163 41 74 
1 10 1 78 1 141 13 78 20 141 30 147 39 163 48 74 
1 33 1 50 24 77 27 141 30 78 35 60 38 79 43 94 
1 33 1 50 1 77 1 141 24 77 27 141 30 78 38 60 43 79 50 94 
1 10 15 45 19 91 24 28 31 163 40 89 
1 10 1 45 1 91 15 45 19 91 24 28 35 163 47 89 
1 10 1 45 12 44 17 6 24 103 33 154 44 163 
1 10 1 45 1 44 1 103 12 44 17 6 24 103 37 154 51 163 
1 10 28 39 31 50 36 93 43 154 52 56 
1 10 1 39 1 50 28 39 31 50 39 93 48 154 59 56 
1 10 1 43 15 2 21 154 27 116 33 69 39 37 
1 10 1 43 1 2 1 154 15 2 21 154 27 116 37 69 46 37 
1 44 1 46 18 52 23 43 30 36 39 97 50 53 
1 46 1 52 1 43 1 36 
1 145 16 95 19 55 25 3 31 34 38 133 45 56 
1 145 1 95 1 55 16 95 19 55 26 3 33 34 41 133 49 56 
1 95 1 55 1 3 1 34 16 95 19 55 
1 100 
1 100 1 93 1 50 16 93 20 50 27 60 31 105 38 94 42 115 
1 100 1 93 1 50 16 93 20 50 27 60 31 105 38 94 42 115 
1 2 20 67 25 43 32 116 39 69 46 66 
1 2 1 67 1 43 20 67 25 43 36 116 44 69 52 66 
1 2 1 67 1 43 20 67 25 43 36 116 44 69 52 66 
1 22 1 74 13 35 15 77 18 79 21 78 26 51 33 75 42 21 
1 22 1 74 1 35 13 35 15 77 18 79 23 78 29 51 38 75 49 21 
1 79 1 78 1 51 1 75 13 35 15 77 18 79 
1 51 7 48 13 35 18 40 22 55 27 132 33 112 40 103 48 56 
1 51 1 48 1 35 7 48 13 35 18 40 22 55 27 132 35 112 43 103 50 56 
1 33 11 111 16 88 21 120 26 106 31 89 36 153 
1 33 1 111 11 111 16 88 21 120 29 106 36 89 43 153 
1 33 1 111 11 111 16 88 21 120 29 106 36 89 43 153 
1 52 30 39 32 23 35 45 39 83 43 36 48 97 
1 52 1 39 1 23 1 45 30 39 32 23 35 45 39 83 47 36 55 97 
1 93 18 50 22 29 27 45 33 55 40 133 48 94 
1 93 1 50 1 29 18 50 22 29 27 45 33 55 37 110 44 133 55 94 
1 33 21 49 25 84 29 48 35 86 41 129 47 103 
1 33 1 49 1 84 21 49 25 84 29 48 38 86 46 129 54 103 
1 64 1 28 7 43 15 31 23 14 31 97 39 163 
1 64 20 45 24 31 30 65 36 99 40 161 44 97 
1 64 1 45 1 31 20 45 24 31 30 65 39 99 45 161 51 97 
1 29 30 45 35 62 40 156 45 36 50 58 
1 29 1 45 1 62 30 45 35 62 44 156 50 36 56 58 
1 1 1 50 30 139 33 107 37 124 42 106 48 103 55 151 
1 1 1 50 1 139 30 139 33 107 37 124 45 106 53 103 60 151 
1 33 1 110 18 48 23 128 30 62 39 43 50 58 
1 110 1 48 1 128 1 62 50 131 
1 122 1 109 1 101 27 95 35 138 
1 122 1 109 1 101 29 95 38 138 
1 122 1 109 1 101 29 95 38 138 
1 33 1 103 15 20 19 88 25 99 33 21 43 106 
1 1 1 95 12 50 17 93 24 29 29 139 32 94 37 96 
1 1 1 95 1 50 1 93 12 50 17 93 24 29 33 139 37 94 43 96 
1 145 1 43 20 11 25 12 30 23 35 152 40 106 
1 145 1 43 1 11 20 11 25 12 34 23 42 152 49 106 
1 33 1 103 17 49 22 120 29 113 36 129 43 153 
1 33 1 103 1 49 17 49 22 120 29 113 40 129 50 153 
1 140 1 95 25 115 28 73 32 78 37 77 42 76 48 79 
1 140 1 95 28 23 
1 125 1 45 25 43 31 116 38 37 43 155 46 99 
1 125 1 45 1 43 1 116 25 43 33 116 41 37 48 155 55 99 
1 24 1 96 33 27 38 26 43 116 48 136 53 25 
1 4 1 97 33 7 38 8 43 9 48 5 53 68 
1 35 1 48 7 23 15 50 23 111 31 21 39 103 
1 33 1 123 32 124 37 108 40 120 45 114 48 153 
1 33 1 123 1 124 32 124 39 108 43 120 49 114 53 153 
1 30 30 23 35 39 40 31 45 32 50 43 55 36 
1 30 1 23 1 39 1 31 30 23 35 39 40 31 48 32 55 43 64 36 
1 1 1 3 24 47 30 45 38 107 44 111 48 113 54 38 
1 132 1 20 29 71 32 77 36 78 39 79 45 21 49 74 
1 4 1 99 26 44 31 39 36 5 41 43 46 146 
1 145 19 108 24 43 30 55 37 97 45 56 
1 145 1 108 19 108 24 43 30 55 41 97 52 56 
1 64 1 39 19 48 24 30 30 31 37 127 45 32 54 97 
1 64 1 39 1 48 19 48 24 30 30 31 39 127 48 32 54 97 
1 33 17 55 22 106 27 105 32 129 37 107 42 113 47 56 
1 33 1 55 1 106 
1 93 1 112 15 93 23 113 31 3 39 96 47 164 
1 98 17 43 20 116 24 104 29 163 35 14 42 97 
1 1 1 142 18 122 23 3 31 8 39 34 47 37 58 59 
1 98 1 43 34 84 37 103 42 9 49 113 54 87 
1 52 36 43 39 109 43 7 48 108 52 123 55 53 
1 11 25 69 30 12 36 116 43 106 49 163 54 14 
1 33 21 23 28 39 35 43 44 99 51 36 
1 150 15 33 
1 44 1 82 1 43 1 56 20 44 25 82 32 43 41 56 52 63 
1 55 1 45 16 47 20 54 25 34 31 109 38 58 46 56 
1 144 
1 33 1 28 27 98 31 39 37 44 45 36 
1 33 1 28 1 98 1 55 27 98 31 55 37 39 40 44 42 151 44 114 48 54 54 56 
1 33 1 28 1 98 1 84 27 98 31 84 37 39 40 86 42 24 44 97 48 42 54 87 
1 33 1 28 1 98 1 52 27 98 31 52 37 39 40 44 42 43 44 83 48 99 54 53 
1 33 1 159 1 160 23 60 28 105 35 97 42 161 
1 55 1 110 34 30 39 43 46 131 53 56 
1 55 1 110 1 30 34 30 39 43 44 131 49 56 
1 10 1 106 34 71 39 163 44 43 49 56 
1 10 1 106 1 71 34 71 39 163 46 43 53 56 
1 17 1 97 33 48 38 44 45 36 54 63 
1 29 1 133 1 156 35 34 41 106 48 38 56 63 
1 64 1 58 51 59 55 97 60 54 
1 84 1 65 51 87 55 97 60 113 
1 64 1 83 51 43 55 97 60 143 
1 35 1 43 10 86 20 97 30 21 40 82 50 63 
1 35 1 43 1 86 10 86 20 97 35 21 45 82 55 63 
1 35 1 43 1 86 1 97 10 86 20 97 35 21 45 82 60 63 
1 93 1 50 1 129 1 94 63 112 66 94 70 105 75 54 81 133 
1 1 10 144 20 5 30 118 40 94 
251
1 33 4 45 7 73 10 22 15 77 15 79 20 75 25 230 32 74 39 235 46 76 
1 33 1 45 1 73 4 45 7 73 10 22 15 77 15 79 22 75 29 230 38 74 47 235 56 76 
1 33 1 45 1 73 1 22 4 45 7 73 10 22 15 77 15 79 22 75 29 230 41 74 53 235 65 76 
1 10 1 45 7 52 13 108 19 99 25 184 31 53 37 163 43 82 49 83 
1 10 1 45 1 52 7 52 13 108 20 99 27 184 34 53 41 163 48 82 55 83 
1 10 1 45 1 52 1 108 7 52 13 108 20 99 27 184 34 53 36 17 44 163 54 82 64 83 
1 33 4 39 7 145 10 110 13 55 18 44 23 229 28 182 33 240 40 130 47 56 
1 33 1 39 1 145 4 39 7 145 10 110 13 55 19 44 25 229 31 182 37 240 45 130 53 56 
1 33 1 39 1 145 1 110 4 39 7 145 10 110 13 55 19 44 25 229 31 182 42 240 55 130 68 56 
1 33 1 81 
1 106 7 106 
1 93 10 93 13 77 14 78 15 79 18 48 23 18 28 16 34 60 40 219 
1 40 1 81 
1 106 7 106 
1 31 10 31 15 116 20 41 25 99 30 228 35 42 40 97 
1 33 5 28 9 16 15 98 21 18 29 17 37 97 47 119 
1 33 1 28 1 16 5 28 9 16 15 98 23 18 33 17 43 97 55 119 
1 33 1 28 1 16 1 98 5 28 9 16 15 98 23 18 33 17 46 97 61 119 
1 33 1 39 7 98 13 158 20 116 27 228 34 162 
1 33 1 39 1 98 7 98 13 158 20 184 30 228 40 162 
1 64 1 45 7 43 13 31 25 228 31 119 37 65 43 97 
1 64 1 45 1 43 1 31 7 43 13 31 26 228 32 119 40 65 47 97 
1 35 1 43 9 40 15 44 23 137 29 103 37 51 43 114 
1 35 1 43 1 40 1 44 9 40 15 44 25 137 33 103 43 51 51 114 
1 84 1 45 6 39 8 86 11 98 15 104 20 21 26 85 33 97 41 87 50 113 
1 84 1 39 1 98 1 85 
1 10 6 111 11 28 17 40 23 163 30 129 37 154 45 201 
1 10 1 111 1 28 6 111 11 28 17 40 24 163 33 129 42 154 52 201 
1 45 1 33 8 10 12 24 17 40 23 39 30 44 38 154 
1 45 1 33 8 10 12 24 19 40 27 39 36 44 46 154 
1 33 1 10 1 24 1 39 23 34 
1 43 1 33 8 30 12 24 17 40 23 116 30 31 38 32 
1 43 1 33 8 30 12 24 19 40 27 116 36 31 46 32 
1 33 1 30 1 24 1 40 23 37 
1 1 1 45 4 227 8 47 13 3 19 107 26 111 34 118 43 236 53 113 
1 47 1 3 1 118 1 236 
1 52 1 39 7 98 13 46 19 109 25 219 31 53 37 83 
1 52 1 98 1 109 1 219 43 83 
1 47 4 111 9 1 14 50 19 205 24 3 29 156 34 34 39 38 
1 47 1 50 1 111 1 3 
1 141 6 48 12 44 19 109 27 17 36 212 46 114 
1 103 1 141 1 48 6 48 12 44 19 109 30 17 42 212 55 114 
1 71 7 230 14 77 16 78 18 79 23 51 32 236 39 80 
1 71 1 230 1 77 7 230 14 77 16 78 18 79 24 51 35 236 44 80 
1 71 1 230 1 78 1 80 
1 10 7 78 13 77 19 141 25 147 31 163 37 74 43 202 
1 10 1 78 1 77 7 78 13 77 19 141 28 147 37 163 46 74 55 202 
1 33 1 50 1 193 9 48 17 93 20 77 25 141 28 78 33 60 36 79 41 94 
1 33 1 50 1 193 1 48 9 48 17 93 20 77 25 141 28 78 31 16 36 60 42 79 52 94 
1 10 5 45 9 222 17 91 25 28 33 163 41 89 49 90 
1 161 1 10 1 45 1 222 5 45 9 222 17 91 25 28 37 163 49 89 61 90 
1 10 1 45 11 44 20 6 28 185 35 103 41 154 46 163 
1 10 1 45 1 44 11 44 20 6 29 185 38 103 46 154 53 163 
1 10 5 39 10 50 16 93 23 103 31 244 40 154 50 56 
1 10 1 39 1 50 1 93 5 39 10 50 16 93 23 103 31 244 44 154 58 56 
1 10 1 43 9 67 15 2 21 154 27 116 33 69 39 238 45 103 51 37 
1 10 1 43 1 67 1 99 9 67 15 2 21 154 27 116 28 99 36 69 45 238 54 103 63 37 
1 44 1 46 9 52 18 43 26 36 34 172 42 97 50 53 
1 46 1 43 1 36 1 172 50 245 
1 145 7 95 13 55 19 3 25 240 31 34 37 187 43 56 
1 145 1 95 1 55 7 95 13 55 19 3 27 240 35 34 43 187 51 56 
1 55 1 95 1 3 1 66 35 66 51 170 
1 100 
1 100 1 134 1 93 16 93 18 50 21 60 26 105 31 248 38 94 45 115 
1 100 1 134 1 93 16 93 18 50 21 60 26 105 31 248 38 94 45 115 
1 67 1 43 7 116 13 2 19 69 25 193 31 233 37 238 43 184 49 66 
1 67 1 43 1 116 8 116 15 2 19 69 25 193 34 233 43 238 52 184 61 66 
1 67 1 43 1 116 8 116 15 2 19 69 25 193 34 233 43 238 52 184 61 66 
1 22 6 74 11 35 15 79 17 77 19 78 23 51 30 230 37 75 45 21 
1 22 1 74 1 35 6 74 11 35 15 79 17 77 19 78 24 51 33 230 42 75 54 21 
1 22 1 79 1 230 1 75 
1 40 6 48 12 132 19 51 25 61 30 35 36 112 43 103 49 56 
1 40 1 48 1 132 6 48 12 132 19 51 25 61 30 35 38 112 47 103 55 56 
1 33 6 111 11 88 16 222 21 120 26 106 31 205 36 89 41 153 
1 33 1 111 1 88 6 111 11 88 16 222 21 120 27 106 34 205 41 89 48 153 
1 33 1 111 1 88 1 222 6 111 11 88 16 222 21 120 27 106 34 205 41 89 48 153 
1 33 4 45 8 39 13 52 19 23 26 83 34 36 43 97 53 126 
1 33 1 45 1 39 1 52 4 45 8 39 13 52 19 23 26 83 34 36 40 31 47 97 61 126 
1 174 1 33 6 45 15 55 20 93 29 50 34 29 43 133 48 94 
1 174 1 33 1 45 1 55 6 45 15 55 20 93 29 50 34 29 37 110 46 133 54 94 
1 33 6 84 11 48 16 49 21 86 27 199 33 129 39 103 45 192 
1 33 1 84 1 48 1 49 6 84 11 48 16 49 21 86 27 199 35 161 43 103 53 192 
1 64 7 28 13 43 19 31 25 14 31 97 37 163 44 206 
1 64 1 45 9 228 13 31 21 161 25 99 33 65 37 97 
1 64 1 45 1 228 1 31 9 228 13 31 21 161 25 99 38 65 47 97 
1 29 5 45 16 62 21 156 32 36 37 58 48 219 
1 29 1 45 1 62 5 45 16 62 21 156 32 36 43 58 60 219 
1 139 1 1 5 106 10 50 16 124 23 107 31 103 40 151 50 188 
1 139 1 1 1 106 33 106 37 50 45 124 23 107 31 103 45 151 60 188 
1 33 1 110 9 48 17 62 25 182 33 43 41 128 49 58 
1 110 1 48 1 62 1 182 33 191 41 131 
1 95 1 122 8 180 13 212 16 174 21 101 28 109 33 138 36 194 
1 95 1 122 1 180 8 180 13 212 16 174 21 101 31 109 39 138 48 194 
1 95 1 122 1 180 8 180 13 212 16 174 21 101 31 109 39 138 48 194 
1 33 1 103 10 20 14 88 23 106 27 99 36 201 40 21 
1 1 1 95 10 50 18 93 25 29 31 139 36 96 40 94 43 244 45 248 
1 1 1 95 1 50 1 93 10 50 18 93 25 29 33 139 40 96 49 94 55 244 60 248 
1 145 5 43 12 11 16 106 23 23 27 12 34 182 41 152 
1 145 1 43 1 11 5 43 12 11 16 106 23 23 27 12 38 182 49 152 
1 33 9 103 17 49 23 120 29 205 33 113 37 129 39 153 41 243 
1 33 1 103 1 49 1 120 9 103 17 49 23 120 29 205 34 113 40 129 44 153 48 243 
1 140 1 95 7 115 13 73 19 93 25 78 31 77 37 79 43 76 
1 140 1 95 1 93 19 23 31 121 
1 45 5 39 9 125 13 29 17 43 21 116 25 155 29 99 33 206 37 37 41 198 
1 45 1 39 1 125 1 29 5 39 9 125 13 29 17 43 21 116 25 155 32 99 39 206 46 37 53 198 
1 24 6 96 11 27 16 26 21 116 26 136 31 170 36 193 41 203 46 25 51 179 
1 4 7 97 13 228 26 9 26 8 26 7 32 183 38 5 44 197 50 68 
1 122 7 48 13 111 19 23 25 35 31 50 37 21 43 103 
1 139 1 33 9 123 17 120 21 124 25 108 33 114 41 153 45 194 
1 139 1 33 1 123 1 120 9 123 17 120 21 124 25 108 33 114 44 153 51 194 
1 30 1 39 13 23 19 31 31 184 37 32 49 36 55 89 
1 30 1 39 1 23 1 31 13 23 19 31 31 184 37 32 54 36 65 89 
1 1 5 45 9 39 13 135 17 3 23 107 29 47 35 121 41 111 49 113 57 38 
1 132 4 79 10 71 13 77 19 22 25 20 31 72 34 78 40 21 46 74 
1 4 7 43 13 44 19 39 25 5 31 99 37 203 43 146 49 179 
1 145 8 108 15 43 22 55 29 239 36 97 43 56 
1 145 1 108 1 43 1 55 8 108 15 43 22 55 29 239 40 97 51 56 
1 64 1 39 10 48 15 30 24 175 29 31 38 127 43 32 52 97 
1 64 1 39 1 39 10 48 15 30 24 175 29 31 41 127 49 32 61 97 
1 33 1 106 7 55 13 229 19 105 25 129 31 61 37 107 43 113 50 56 
1 33 1 229 1 105 1 61 37 109 
1 112 6 93 11 164 16 96 21 3 26 113 26 115 31 227 36 60 41 226 46 219 
1 98 1 43 6 116 12 228 18 206 24 97 30 17 36 163 42 14 48 104 
1 1 1 122 1 142 1 181 9 142 13 181 21 3 25 8 35 212 41 34 51 195 57 59 
1 98 1 43 1 9 9 9 17 113 25 129 36 103 47 85 58 87 
1 52 1 43 1 123 1 7 7 43 13 123 19 7 25 108 33 241 41 53 49 109 57 126 
1 11 7 116 13 20 19 69 25 106 31 12 37 66 43 14 
1 33 4 39 8 99 13 30 19 184 26 228 34 156 43 37 53 36 
1 150 15 33 30 175 
1 37 20 44 25 82 30 43 35 239 40 56 45 240 50 63 
1 55 1 45 1 47 8 54 15 34 22 109 29 195 36 58 43 240 50 219 57 56 
1 144 
1 33 1 39 8 28 16 45 23 98 30 44 36 226 42 36 
1 33 1 39 8 28 16 55 23 98 30 44 36 62 42 114 47 151 52 56 
1 33 1 39 8 28 16 84 23 98 30 24 36 42 42 86 47 97 52 87 
1 33 1 39 8 28 16 52 23 98 30 44 36 83 42 123 47 43 52 53 
1 176 1 33 1 160 9 97 12 60 20 105 24 159 32 199 36 161 44 192 
1 132 1 110 13 44 19 55 31 43 37 182 49 246 55 56 
1 132 1 110 1 44 13 44 19 55 31 43 37 182 40 131 54 246 65 56 
1 10 1 106 10 71 19 43 28 28 37 203 46 72 55 246 
1 10 1 106 1 71 10 71 19 43 28 28 37 203 40 163 51 72 65 246 
1 17 8 97 15 44 22 48 29 246 36 184 43 36 50 63 
1 33 8 133 15 111 22 187 29 29 36 173 36 156 43 34 50 205 57 63 
1 16 1 181 13 54 25 97 37 170 49 58 61 115 73 59 
1 64 1 84 13 86 25 97 37 197 49 65 61 113 73 87 
1 17 1 52 13 83 25 97 37 203 49 53 61 219 73 143 
1 35 1 43 8 86 15 239 22 82 29 21 36 97 43 219 50 200 57 63 
1 35 1 43 1 86 1 239 8 86 15 239 22 82 29 21 38 97 47 219 56 200 65 63 
1 35 1 43 1 86 1 239 8 86 15 239 22 82 29 21 38 97 47 219 55 17 61 200 75 63 
1 93 1 50 11 112 22 129 33 244 44 248 55 54 66 94 77 133 88 105 99 219 
1 1 10 144 20 5 30 118 40 94 50 246 
1 33 1 45 8 75 12 115 15 77 22 235 29 34 36 113 43 219 50 76 
1 33 1 45 1 75 1 115 8 75 12 115 15 77 23 235 31 34 39 113 47 219 55 76 
1 33 1 45 1 75 1 115 8 75 12 115 15 77 23 235 31 34 41 113 51 219 61 76 
1 33 1 43 6 108 12 52 19 98 27 172 36 129 46 53 
1 33 1 43 1 108 6 108 12 52 21 98 31 172 42 129 54 53 
1 33 1 43 1 108 1 52 6 108 12 52 21 98 31 172 45 129 60 53 
1 10 1 43 7 99 13 55 20 44 27 184 35 163 43 103 52 56 
1 10 1 43 1 99 7 99 13 55 21 44 28 184 37 163 45 103 55 56 
1 10 1 43 1 99 1 55 7 99 13 55 21 44 28 184 38 163 47 103 58 56 
1 33 5 111 11 98 17 154 25 21 33 156 41 133 
1 10 1 111 1 98 5 111 11 98 18 154 28 21 38 156 48 133 
1 33 1 45 6 193 11 64 16 95 22 115 28 36 34 93 48 138 
1 33 1 45 1 193 1 64 6 193 11 64 16 95 25 115 33 36 41 93 57 138 
1 33 8 48 15 4 22 113 22 115 22 219 29 226 36 129 43 97 50 38 
1 33 1 48 8 48 15 4 24 113 24 115 24 219 33 226 42 129 51 97 60 38 
1 40 1 81 6 184 11 132 17 101 23 141 30 154 37 169 45 97 53 94 
1 40 1 81 1 184 1 132 6 184 11 132 17 101 25 141 34 154 43 169 53 97 63 94 
1 103 1 141 1 48 6 48 12 44 19 109 30 17 42 212 55 114 
1 145 1 86 5 48 13 175 17 55 25 209 29 109 37 36 41 56 
1 145 1 86 1 48 5 48 13 175 17 55 25 209 33 109 45 36 53 56 
1 84 1 204 6 39 8 86 11 186 
1 1 1 204 4 227 8 47 13 186 
1 47 1 204 4 111 9 1 14 186 
1 45 1 204 7 118 18 186 25 227 31 219 38 38 
1 45 1 204 7 118 18 186 25 227 31 219 38 38 
1 64 1 43 10 101 20 100 30 248 40 109 50 94 
1 64 1 43 1 101 10 101 20 100 35 248 50 109 65 94 
1 33 1 45 9 84 16 86 23 178 30 113 37 87 
1 33 1 45 1 84 9 84 18 86 27 178 36 113 45 87 
1 33 1 45 1 84 1 86 9 84 18 86 27 178 30 9 42 113 57 87 
1 71 1 230 1 78 1 80 55 76 
1 33 3 111 6 39 10 55 15 205 21 61 28 38 36 240 
1 33 1 111 1 39 1 55 3 111 6 39 10 55 15 205 25 61 36 38 48 240 
1 88 1 102 10 175 19 67 28 157 37 185 46 21 
1 55 1 95 1 3 1 195 35 195 51 207 
1 150 5 235 5 39 10 33 13 77 15 78 17 79 20 73 25 178 30 72 
1 150 1 235 1 39 1 33 5 235 5 39 10 33 13 77 15 78 17 79 22 73 29 178 36 72 
1 150 1 235 1 39 1 33 5 235 5 39 10 33 13 77 15 78 17 79 22 73 33 178 44 72 
1 10 1 39 6 28 12 226 19 154 27 129 36 103 46 97 
1 71 4 74 10 72 19 241 31 235 46 202 
1 71 1 1 4 74 10 75 19 241 31 80 46 76 
1 33 1 193 7 98 13 104 19 49 25 197 31 48 37 17 43 103 
1 55 1 39 11 21 21 133 31 89 41 240 51 54 51 114 
1 55 1 39 11 21 23 133 35 89 47 240 59 54 59 114 
1 33 1 39 8 28 16 93 23 98 30 129 36 60 42 244 47 94 52 234 
1 33 1 39 8 28 16 228 23 98 30 109 36 185 42 212 47 103 52 236 
1 64 11 228 16 114 26 101 31 185 41 212 
1 174 1 33 6 45 15 55 20 93 29 50 34 29 43 207 48 94 
1 45 1 149 6 180 12 109 19 212 27 60 36 220 46 195 
1 237 
1 68 1 243 1 219 1 194 
1 33 1 45 1 93 1 23 7 93 13 23 20 97 30 226 41 60 54 242 
1 33 1 182 8 120 15 36 22 229 29 117 36 153 43 191 50 38 
1 33 1 182 1 120 8 120 15 36 22 229 29 117 39 153 49 191 59 38 
1 99 5 111 13 137 18 180 26 228 30 103 38 36 
1 40 6 28 13 106 20 98 28 185 36 163 44 103 52 12 
1 33 1 103 10 20 14 88 23 106 27 99 36 201 40 21 49 242 
1 33 1 184 4 39 8 204 13 44 19 122 26 46 34 99 43 36 
1 33 1 184 4 39 8 204 13 44 19 122 28 46 38 99 51 36 
1 191 1 33 1 40 10 106 10 107 19 55 28 42 37 36 46 56 
1 98 1 43 6 116 12 228 18 206 24 97 30 232 36 163 42 14 48 104 
1 132 1 110 9 35 14 227 23 219 28 117 37 156 
1 33 1 43 6 30 12 203 19 31 27 68 35 36 44 179 54 224 
1 10 1 43 9 98 17 103 25 185 33 154 41 97 49 163 57 251 65 232 
1 10 1 43 8 122 15 154 22 185 29 156 36 163 43 173 50 37 
1 10 1 43 1 122 1 154 8 122 15 154 22 185 29 156 39 163 49 173 59 37 
1 123 8 52 15 88 22 106 29 133 36 53 43 157 50 34 
1 123 1 52 1 88 8 52 15 88 22 106 29 133 36 53 48 157 60 34 
1 33 10 181 19 203 28 36 37 54 46 59 55 133 
1 30 1 181 1 203 10 181 19 203 28 36 33 31 42 54 56 59 70 133 
1 33 7 106 13 145 19 105 25 61 31 131 37 243 43 246 
1 55 11 199 22 60 22 62 22 61 33 116 44 58 55 63 
1 55 11 132 22 60 22 62 22 61 25 190 38 116 54 58 70 63 
1 217 
1 33 1 145 10 48 18 61 25 36 32 97 40 17 49 109 
1 43 1 64 13 28 19 129 25 97 37 31 49 211 
1 43 1 52 7 46 13 123 20 44 27 185 35 53 43 242 
1 43 1 52 7 46 13 123 20 44 30 185 41 53 52 242 
1 145 1 108 1 43 1 55 8 108 15 43 22 55 29 239 40 97 51 56 
1 33 1 45 9 111 17 175 25 36 33 205 41 203 49 38 
1 30 1 45 9 111 17 175 25 31 33 205 41 229 49 89 
1 176 1 33 1 160 9 97 12 60 20 105 24 111 32 199 36 161 44 192 
1 33 8 43 15 95 23 23 31 28 40 36 49 109 
1 166 11 166 21 166 31 166 41 166 51 166 61 166 71 166 81 166 91 166 
1 33 
1 27 7 116 13 228 19 98 25 229 31 68 37 97 43 197 49 167 
1 1 1 122 9 186 13 181 21 93 25 47 33 212 37 94 45 195 49 59 
1 98 1 43 9 9 17 113 25 129 33 103 41 85 49 87 
1 52 7 43 13 123 19 7 25 108 31 241 37 53 43 109 49 126 
1 33 4 45 8 111 13 23 19 208 26 117 34 205 43 34 53 215 
1 1 4 45 7 39 10 135 13 3 18 107 23 47 28 121 33 111 40 113 47 38 
1 44 1 43 11 84 21 46 31 98 41 209 51 115 61 242 71 87 
1 44 1 43 11 52 21 46 31 83 41 23 51 53 61 207 71 126 
1 44 1 43 11 61 21 240 31 16 41 62 51 54 61 243 71 56 
1 44 1 43 8 201 15 103 22 157 29 37 36 184 43 242 50 89 57 63 
1 44 1 43 1 201 1 103 8 201 15 103 22 157 29 37 38 184 47 242 56 89 65 63 
1 44 1 43 1 201 1 103 8 201 15 103 22 157 29 37 38 184 47 242 61 89 75 63 
1 177 11 219 22 16 33 105 44 56 55 240 66 129 77 18 88 246 99 248 
1 221 11 219 22 16 33 105 44 126 55 241 66 129 77 18 88 246 99 248 
1 73 1 93 1 105 1 215 10 219 20 246 30 248 40 226 50 195 
386
1 33 4 45 7 73 10 22 15 77 15 79 20 75 25 230 32 74 39 235 46 76 
1 33 1 45 1 73 4 45 7 73 10 22 15 77 15 79 22 75 29 230 38 74 47 235 56 76 
1 33 1 45 1 73 1 22 4 45 7 73 10 22 15 77 15 79 22 75 29 230 41 74 53 235 65 76 
1 10 1 45 7 52 13 108 19 99 25 184 31 53 37 163 43 82 49 83 
1 10 1 45 1 52 7 52 13 108 20 99 27 184 34 53 41 163 48 82 55 83 
1 10 1 45 1 52 1 108 7 52 13 108 20 99 27 184 34 53 36 17 44 163 54 82 64 83 
1 33 4 39 7 145 10 110 13 55 18 44 23 229 28 182 33 240 40 130 47 56 
1 33 1 39 1 145 4 39 7 145 10 110 13 55 19 44 25 229 31 182 37 240 45 130 53 56 
1 33 1 39 1 145 1 110 4 39 7 145 10 110 13 55 19 44 25 229 31 182 42 240 55 130 68 56 
1 33 1 81 
1 106 7 106 
1 93 10 93 13 77 14 78 15 79 18 48 23 18 28 16 34 60 40 219 47 318 
1 40 1 81 
1 106 7 106 
1 31 10 31 15 116 20 41 25 99 30 228 35 42 40 97 45 283 
1 33 5 28 9 16 13 98 19 18 25 17 31 297 39 97 47 119 
1 33 1 28 1 16 5 28 9 16 13 98 20 18 27 17 34 297 43 97 52 119 
1 33 1 28 1 16 1 98 5 28 9 16 13 98 20 18 27 17 34 297 48 97 62 119 
1 33 1 39 7 98 13 158 20 116 27 228 34 162 41 283 
1 33 1 39 1 98 7 98 13 158 20 184 30 228 40 162 50 283 
1 64 1 45 7 43 13 31 19 228 25 332 31 119 37 65 43 97 
1 64 1 45 1 43 1 31 7 43 13 31 26 228 32 119 40 65 47 97 
1 35 1 43 8 40 13 44 20 137 25 103 32 51 37 254 37 256 37 255 44 114 
1 35 1 43 1 40 1 44 8 40 13 44 20 137 28 103 38 51 46 254 46 256 46 255 56 114 
1 84 1 45 6 39 8 86 11 98 15 104 20 21 26 85 33 97 41 87 50 113 
1 84 1 39 1 98 1 85 
1 10 6 111 11 28 17 40 23 163 30 129 37 154 45 328 53 201 
1 10 1 111 1 28 6 111 11 28 17 40 24 163 33 129 42 154 52 328 62 201 
1 45 1 10 8 39 12 24 17 40 20 44 23 270 30 154 38 260 47 242 
1 45 1 10 8 39 12 24 18 40 22 44 26 270 34 154 43 260 53 242 
1 10 1 39 1 24 1 40 23 34 
1 43 1 64 8 116 12 24 17 40 20 30 23 270 30 31 38 260 47 32 
1 43 1 64 8 116 12 24 18 40 22 30 26 270 34 31 43 260 53 32 
1 64 1 116 1 24 1 40 23 37 
1 1 1 45 5 227 9 47 13 3 17 266 21 107 25 111 29 118 33 322 37 236 41 113 45 309 
1 47 1 3 1 107 1 118 
1 52 5 39 9 46 13 98 17 261 21 109 25 286 29 53 33 219 37 288 41 83 
1 52 1 98 1 109 1 219 45 83 
1 47 4 111 9 1 14 50 19 205 24 3 29 156 34 34 39 102 44 304 49 38 
1 47 1 50 1 111 1 3 
1 141 6 48 11 310 16 44 21 17 26 109 31 314 36 212 41 305 46 114 
1 103 1 141 1 48 1 310 6 48 11 310 16 44 21 17 28 109 35 314 42 212 49 305 56 114 
1 71 7 230 14 77 16 78 18 79 23 51 32 236 39 80 
1 71 1 230 1 77 7 230 14 77 16 78 18 79 24 51 35 236 44 80 
1 71 1 312 1 78 1 72 44 80 
1 10 7 78 13 77 19 141 25 147 31 163 37 74 43 202 49 312 
1 10 1 78 1 77 7 78 13 77 19 141 27 147 35 163 43 74 51 202 59 312 
1 33 1 50 1 193 9 48 17 93 20 77 25 141 28 78 33 60 36 79 41 94 
1 318 1 33 1 50 1 193 1 48 9 48 17 93 20 77 25 141 28 78 31 16 36 60 42 79 52 94 
1 10 1 28 5 45 9 222 17 91 25 189 33 163 41 89 49 90 
1 161 1 10 1 28 1 45 5 45 9 222 17 91 25 189 26 328 38 163 51 89 64 90 
1 10 1 45 11 44 20 6 28 185 35 103 41 154 46 163 50 252 
1 10 1 45 1 44 11 44 20 6 29 185 38 103 46 154 53 163 59 252 
1 346 1 10 5 39 10 50 16 93 23 103 31 244 40 154 50 56 
1 346 1 10 1 39 1 50 5 39 10 50 16 93 23 103 31 244 44 154 58 56 
1 10 1 43 9 67 15 2 21 154 27 116 33 69 39 238 45 103 51 37 
1 10 1 43 1 67 1 99 9 67 15 2 21 154 27 116 28 99 36 69 45 238 54 103 63 37 
1 44 1 46 7 52 13 43 19 316 25 36 31 172 37 270 43 97 49 53 
1 44 1 46 1 52 1 316 49 245 
1 145 7 95 13 55 19 3 25 240 31 34 37 187 43 56 
1 145 1 95 1 55 7 95 13 55 19 3 27 240 35 34 43 187 51 56 
1 55 1 95 1 3 1 66 35 66 51 170 
1 100 
1 100 1 134 1 93 16 93 18 50 21 60 23 115 25 105 30 248 33 272 36 94 43 271 
1 100 1 134 1 93 16 93 18 50 21 60 23 115 25 105 30 248 33 347 36 94 43 271 
1 67 1 43 7 116 13 2 19 69 22 193 25 279 31 233 37 66 40 238 43 184 49 223 
1 67 1 43 1 116 7 116 13 2 19 69 22 193 25 279 33 233 41 66 46 238 51 184 59 223 
1 67 1 43 1 116 7 116 13 2 19 69 22 193 25 279 33 233 41 66 46 238 51 184 59 223 
1 22 6 74 11 35 15 79 17 77 19 78 23 51 30 230 37 75 45 21 
1 22 1 74 1 35 6 74 11 35 15 79 17 77 19 78 24 51 33 230 42 75 54 21 
1 22 1 79 1 230 1 75 
1 40 6 48 12 132 19 51 25 61 30 35 36 112 43 103 49 56 
1 40 1 48 1 132 6 48 12 132 19 51 25 61 30 35 38 112 47 103 55 56 
1 33 1 111 6 300 11 88 16 222 21 120 26 205 31 350 36 89 41 153 46 38 
1 33 1 111 1 300 1 88 6 300 11 88 16 222 21 120 29 205 37 350 45 89 53 153 62 38 
1 33 1 111 1 300 1 88 6 300 11 88 16 222 21 120 29 205 37 350 45 89 53 153 62 38 
1 33 5 45 9 39 14 52 19 23 25 83 31 36 38 97 45 340 53 126 
1 33 1 45 1 39 1 52 5 45 9 39 14 52 19 23 25 83 31 36 38 97 40 31 50 340 63 126 
1 174 1 281 1 33 6 45 15 55 20 93 29 50 34 29 43 133 48 94 
1 174 1 281 1 33 1 45 6 45 15 55 20 93 29 50 34 29 37 110 46 133 54 94 
1 319 1 33 6 84 11 48 16 49 21 86 26 209 32 199 38 129 44 103 50 192 
1 319 1 33 1 84 1 48 6 84 11 48 16 49 21 86 26 209 35 199 44 161 53 103 62 192 
1 64 6 28 11 43 16 31 21 282 26 210 31 14 36 97 41 163 46 206 
1 64 1 45 9 228 13 31 21 161 25 99 33 253 37 65 45 97 
1 64 1 45 1 228 1 31 9 228 13 31 21 161 25 99 38 253 47 65 60 97 
1 29 9 45 17 196 21 62 29 156 37 36 41 58 49 219 
1 29 1 45 1 196 1 62 9 45 17 196 21 62 29 156 34 329 42 36 51 58 64 219 
1 139 1 1 4 106 8 50 13 124 19 107 26 103 34 151 43 188 53 262 
1 139 1 1 1 106 4 106 8 50 13 124 19 107 26 103 34 151 47 188 61 262 
1 33 1 110 9 48 17 62 25 182 33 43 41 128 49 58 
1 110 1 48 1 62 1 182 33 191 41 131 
1 95 1 122 8 180 13 212 16 174 21 101 28 109 33 138 36 194 
1 95 1 122 1 180 8 180 13 212 16 174 21 101 25 325 31 109 39 138 48 194 
1 95 1 122 1 180 8 180 13 212 16 174 21 101 25 325 31 109 39 138 48 194 
1 33 1 103 9 20 13 88 21 106 25 99 33 201 37 21 45 231 49 328 57 38 
1 1 1 95 10 50 18 93 25 29 31 139 36 96 40 94 43 244 45 248 
1 1 1 95 1 50 1 93 10 50 18 93 25 29 33 139 40 96 49 94 55 244 60 248 
1 145 5 43 12 11 16 106 23 341 27 23 34 12 41 182 45 152 
1 145 1 43 1 11 5 43 12 11 16 106 23 341 27 23 38 12 49 182 57 152 
1 268 1 33 8 103 15 49 21 209 27 120 32 205 37 113 42 129 46 153 49 243 
1 268 1 33 1 103 1 49 8 103 15 49 21 209 27 120 34 205 41 113 48 129 54 153 59 243 
1 140 1 253 1 95 7 115 13 73 19 93 25 78 31 77 37 79 43 76 
1 140 1 95 1 93 19 23 31 121 
1 45 5 39 9 125 13 29 17 43 21 116 25 155 29 99 33 206 37 37 41 198 45 38 
1 45 1 39 1 125 1 29 5 39 9 125 13 29 17 43 21 116 25 155 32 99 39 206 46 37 53 198 61 38 
1 279 1 24 6 96 11 27 16 26 20 280 21 116 26 136 31 170 36 193 41 203 46 25 51 179 
1 279 1 4 7 97 13 228 20 183 26 9 26 8 26 7 32 327 38 5 44 197 50 68 
1 122 7 48 12 111 18 282 23 23 29 35 34 50 40 21 45 103 51 287 
1 139 1 33 9 123 17 120 21 124 25 108 33 114 41 153 45 194 49 262 
1 139 1 33 1 123 1 120 9 123 17 120 21 124 25 108 33 114 44 153 51 194 58 262 
1 30 1 39 10 23 15 31 24 184 29 350 38 32 43 36 52 89 57 224 
1 30 1 39 1 23 1 31 10 23 15 31 24 184 29 350 38 32 46 36 58 89 66 224 
1 1 1 45 5 39 9 287 13 135 17 3 23 107 29 47 35 121 41 111 49 113 57 38 
1 275 1 132 4 79 10 71 13 74 19 77 22 22 28 20 31 72 37 78 40 21 46 321 
1 4 1 43 7 44 13 39 19 252 25 5 31 99 37 203 43 146 49 179 
1 145 8 108 15 43 22 55 29 239 36 97 43 56 50 349 
1 145 1 108 1 43 1 55 8 108 15 43 22 55 29 239 40 97 51 56 62 349 
1 64 1 39 1 346 10 48 15 30 24 175 29 31 38 127 43 32 52 97 
1 64 1 39 1 346 1 48 10 48 15 30 24 175 29 31 41 127 49 32 61 97 
1 33 1 106 6 55 10 229 15 105 19 293 24 129 28 61 33 107 37 113 42 322 46 56 
1 55 1 229 1 105 1 129 33 109 
1 112 5 93 9 164 13 96 17 3 21 113 21 115 25 227 29 60 33 278 37 271 41 272 45 94 49 226 53 219 
1 98 1 43 6 116 11 228 16 206 21 97 26 17 31 163 36 14 41 104 46 210 
1 1 1 122 1 142 1 181 9 142 13 181 21 3 25 8 35 212 41 313 51 34 57 195 67 59 
1 98 1 43 1 9 9 9 17 113 25 129 36 103 47 85 58 87 
1 52 1 43 1 123 1 7 7 43 13 123 19 7 25 108 33 241 41 53 49 109 57 126 
1 11 1 116 7 20 13 69 19 106 25 279 31 280 37 12 43 66 49 14 
1 33 4 39 8 99 13 30 19 184 26 228 34 156 43 37 53 36 
1 150 15 33 30 175 
1 37 20 44 25 82 30 43 35 239 40 56 45 240 50 349 55 63 
1 55 1 45 1 47 7 54 13 34 19 109 25 195 31 58 37 240 43 219 49 56 55 329 
1 144 
1 33 1 39 1 270 8 28 16 45 23 98 30 44 36 226 42 36 
1 33 1 39 1 270 8 28 16 55 23 98 30 44 36 62 42 114 47 151 52 56 
1 33 1 39 1 270 8 28 16 84 23 98 30 24 36 42 42 86 47 97 52 87 
1 33 1 39 1 270 8 28 16 52 23 98 30 44 36 83 42 123 47 43 52 53 
1 176 1 33 1 160 9 97 12 60 20 105 24 159 32 199 36 161 44 278 48 192 
1 132 1 110 13 44 19 55 25 341 31 43 37 182 43 321 49 246 55 56 
1 132 1 110 1 44 13 44 19 55 25 341 31 43 37 182 40 131 46 321 55 246 65 56 
1 10 1 106 13 71 19 43 25 341 31 28 37 203 43 319 49 72 55 246 
1 10 1 106 1 71 13 71 19 43 25 341 31 28 37 203 40 163 46 319 55 72 65 246 
1 17 8 97 15 44 22 48 29 246 36 184 43 36 50 63 
1 33 6 133 10 111 15 187 19 29 24 281 28 156 28 173 33 34 37 335 42 343 46 205 51 63 
1 16 1 181 13 54 25 97 37 170 49 58 61 115 73 59 85 329 
1 64 1 84 13 86 25 97 37 197 49 65 61 268 73 113 85 87 
1 17 1 52 13 83 25 97 37 203 49 53 61 219 73 257 85 143 
1 35 1 43 8 86 15 239 22 82 29 21 36 97 43 219 50 200 57 63 
1 35 1 43 1 86 1 239 8 86 15 239 22 82 29 21 38 97 47 219 56 200 65 63 
1 35 1 43 1 86 1 239 8 86 15 239 22 82 29 21 38 97 47 219 55 17 61 200 75 63 
1 93 1 50 11 112 22 129 33 244 44 248 55 54 66 94 77 133 88 105 99 219 
1 1 10 144 20 5 30 118 40 94 50 246 
1 33 1 45 8 75 12 115 15 77 22 235 29 34 36 113 43 219 50 76 
1 33 1 45 1 75 1 115 8 75 12 115 15 77 23 235 31 34 39 113 47 219 55 76 
1 33 1 45 1 75 1 115 8 75 12 115 15 77 23 235 31 34 41 113 51 219 61 76 
1 33 1 43 6 108 12 52 19 98 27 172 36 129 46 53 
1 33 1 43 1 108 6 108 12 52 21 98 31 172 42 129 54 53 
1 33 1 43 1 108 1 52 6 108 12 52 21 98 31 172 45 129 60 53 
1 10 1 43 7 99 13 55 20 44 27 184 35 163 43 103 52 56 
1 10 1 43 1 99 7 99 13 55 21 44 28 184 37 163 45 103 55 56 
1 10 1 43 1 99 1 55 7 99 13 55 21 44 28 184 38 163 47 103 58 56 
1 10 4 111 7 98 12 154 17 270 24 21 31 266 40 156 49 133 
1 10 1 111 1 98 4 111 7 98 12 154 19 270 28 21 37 266 48 156 59 133 
1 33 1 45 6 193 11 64 16 95 22 115 28 36 34 93 48 138 
1 33 1 45 1 193 1 64 6 193 11 64 16 95 25 115 33 36 41 93 57 138 
1 33 8 48 15 4 22 113 22 115 22 219 29 226 36 129 43 97 50 38 
1 33 1 48 8 48 15 4 24 113 24 115 24 219 33 226 42 129 51 97 60 38 
1 40 1 81 6 184 11 132 17 101 23 141 30 154 37 169 45 97 53 94 
1 40 1 81 1 184 1 132 6 184 11 132 17 101 25 141 34 154 43 169 53 97 63 94 
1 103 1 141 1 48 1 310 6 48 11 310 16 44 21 17 28 109 35 314 42 212 49 305 56 114 
1 145 1 86 5 48 13 175 17 55 25 209 29 109 37 36 41 56 49 268 
1 145 1 86 1 48 5 48 13 175 17 55 25 209 32 109 43 36 50 56 61 268 
1 84 1 204 6 39 8 86 11 186 
1 1 1 204 4 227 8 47 13 186 
1 47 1 204 4 111 9 1 14 186 
1 45 1 204 6 118 11 186 16 281 21 227 26 266 31 273 36 219 41 38 
1 45 1 204 6 118 11 186 16 281 21 227 26 266 31 273 36 219 41 38 
1 64 1 43 10 101 20 100 30 273 30 248 40 109 50 94 
1 64 1 43 10 101 20 100 35 273 35 248 50 109 65 94 
1 33 1 45 9 84 16 86 23 178 30 113 37 87 
1 33 1 45 1 84 9 84 18 86 27 178 36 113 45 87 
1 33 1 45 1 84 1 86 9 84 18 86 27 178 30 9 42 113 57 87 
1 71 1 230 1 78 1 345 44 80 55 76 
1 33 3 111 6 39 10 55 15 205 21 61 28 38 36 240 45 56 
1 33 1 111 1 39 1 55 3 111 6 39 10 55 15 205 24 61 34 38 45 240 57 56 
1 88 1 102 9 175 17 67 25 157 33 335 41 185 49 21 57 38 
1 55 1 95 1 3 1 195 35 195 51 207 
1 150 5 235 5 39 10 33 13 77 15 78 17 79 20 73 25 178 30 72 
1 150 1 235 1 39 1 33 5 235 5 39 10 33 13 77 15 78 17 79 22 73 29 178 36 72 
1 150 1 235 1 39 1 33 5 235 5 39 10 33 13 77 15 78 17 79 22 73 33 178 44 72 
1 10 1 39 6 28 13 310 18 226 25 321 31 154 38 129 43 103 50 97 
1 71 6 74 13 72 18 275 25 283 30 241 37 235 42 202 
1 71 1 1 6 74 13 75 18 275 25 331 30 241 37 80 42 76 
1 33 1 193 7 98 13 104 19 49 25 197 31 48 37 253 43 17 49 103 
1 55 1 39 11 21 16 341 21 133 31 281 36 89 41 240 51 54 51 114 
1 55 1 39 11 21 16 341 23 133 35 281 42 89 49 240 61 54 61 114 
1 33 1 39 1 270 8 28 16 93 23 98 30 129 36 60 42 244 47 94 52 234 
1 33 1 39 1 270 8 28 16 228 23 98 30 109 36 185 42 212 47 103 52 236 
1 64 9 310 14 228 22 114 27 101 35 185 40 269 48 212 
1 174 1 281 1 33 6 45 15 55 20 93 29 50 34 29 43 207 48 94 
1 45 1 149 6 180 11 310 17 109 23 212 30 60 37 220 45 195 53 288 
1 237 
1 68 1 243 1 219 1 194 
1 33 1 45 7 310 13 93 19 23 25 316 31 97 37 226 43 60 49 242 
1 33 1 182 8 120 15 36 22 229 29 117 36 153 43 191 50 38 
1 33 1 182 1 120 8 120 15 36 22 229 29 117 39 153 49 191 59 38 
1 99 4 111 11 281 14 137 21 180 24 228 31 103 34 36 41 283 
1 40 6 28 13 106 20 98 28 185 36 163 44 103 52 12 
1 33 1 103 9 20 13 88 21 106 25 99 33 201 37 21 45 231 49 242 57 38 
1 33 1 184 4 39 8 204 13 44 19 122 26 46 34 99 43 36 53 242 
1 33 1 184 4 39 8 204 13 44 19 122 28 46 38 99 49 36 61 242 
1 191 1 33 1 40 10 106 10 107 19 55 28 42 37 36 46 56 
1 98 1 43 6 116 11 228 16 206 21 97 26 232 31 163 36 14 41 104 46 210 
1 132 1 110 9 35 14 227 23 219 28 117 37 156 
1 33 1 43 6 30 11 203 17 31 23 280 30 68 37 36 45 179 53 224 
1 10 1 43 1 269 8 98 15 103 22 185 29 154 36 97 43 196 50 163 57 251 64 232 
1 10 1 43 7 122 13 154 19 313 25 185 31 156 37 163 43 173 49 37 
1 10 1 43 1 122 1 154 7 122 13 154 19 313 25 185 31 156 37 163 43 173 49 37 
1 281 1 123 8 52 15 88 22 106 29 133 36 53 43 157 50 34 
1 281 1 123 1 52 1 88 8 52 15 88 22 106 29 133 36 53 48 157 60 34 
1 33 1 316 10 181 19 203 28 36 37 54 46 59 55 133 
1 30 1 316 1 181 1 203 10 181 19 203 28 36 33 31 42 54 56 59 70 133 
1 33 6 106 12 145 17 105 17 287 23 61 28 131 34 350 39 243 45 246 
1 55 11 199 22 60 22 62 22 61 33 116 44 58 55 63 
1 55 11 132 22 60 22 62 22 61 25 190 38 116 54 58 70 63 
1 217 
1 33 1 145 8 48 15 61 22 36 29 97 36 17 43 352 50 109 
1 43 1 64 10 28 13 129 16 97 26 31 29 314 32 211 42 191 45 319 
1 43 1 52 7 336 13 123 19 46 25 44 31 316 37 185 43 53 49 242 
1 43 1 52 1 336 7 336 13 123 19 46 27 44 35 316 43 185 51 53 59 242 
1 145 1 108 1 43 1 55 8 108 15 43 22 55 29 239 40 97 51 56 62 349 
1 316 1 33 1 45 9 111 17 175 25 36 33 205 41 203 49 38 
1 316 1 30 1 45 9 111 17 175 25 31 33 205 41 229 49 89 
1 176 1 33 1 160 9 97 12 60 20 105 24 111 32 199 36 161 44 278 48 192 
1 33 7 43 13 310 19 95 25 23 31 28 37 36 43 109 49 347 
1 166 11 166 21 166 31 166 41 166 51 166 61 166 71 166 81 166 91 166 
1 33 
1 279 1 27 7 116 13 228 19 98 20 167 25 229 31 68 37 97 43 197 49 283 
1 1 1 122 9 186 13 181 21 93 25 47 33 212 37 313 45 94 49 195 57 59 
1 98 1 43 9 9 17 113 25 129 33 103 41 85 49 87 
1 52 7 43 13 123 19 7 25 108 31 241 37 53 43 109 49 126 
1 33 4 45 8 111 13 23 19 208 26 117 34 205 43 34 53 215 
1 1 1 45 4 39 7 287 10 135 13 3 18 107 23 47 28 121 33 111 40 113 47 38 
1 44 1 43 11 84 21 46 31 98 41 209 51 115 61 242 71 87 81 347 
1 44 1 43 11 52 21 46 31 83 41 23 51 53 61 207 71 126 81 347 
1 44 1 43 11 61 21 240 31 16 41 62 51 54 61 243 71 56 81 347 
1 44 1 43 8 201 15 103 22 157 29 37 36 184 43 242 50 89 57 63 
1 44 1 43 1 201 1 103 8 201 15 103 22 157 29 37 38 184 47 242 56 89 65 63 
1 44 1 43 1 201 1 103 8 201 15 103 22 157 29 37 38 184 47 242 61 89 75 63 
1 18 11 219 22 16 33 105 44 56 55 240 66 129 77 177 88 246 99 248 
1 18 11 219 22 16 33 105 44 126 55 241 66 129 77 221 88 246 99 248 
1 73 1 93 1 105 1 215 10 219 20 246 30 248 40 226 50 195 
1 1 1 43 6 71 11 98 16 228 21 103 26 72 31 97 36 21 41 197 46 202 
1 1 1 43 1 71 1 98 6 71 11 98 16 210 17 228 23 103 29 348 35 97 41 21 47 197 53 206 
1 1 1 43 1 71 1 98 6 71 11 98 16 210 17 228 23 103 29 348 35 97 43 21 51 197 59 206 
1 10 1 45 7 116 10 52 16 64 19 28 25 83 28 98 34 163 37 119 43 53 
1 10 1 45 1 116 1 52 7 116 13 52 16 24 17 64 21 28 28 339 32 98 39 163 43 119 50 327 
1 7 1 10 1 45 1 116 1 52 7 116 13 52 16 24 17 64 21 28 28 339 32 98 36 299 42 163 49 119 59 327 
1 33 1 45 6 189 10 55 15 117 19 193 24 300 28 36 33 250 37 182 42 56 46 283 
1 33 1 45 1 189 1 55 6 189 10 55 15 117 16 341 20 193 25 300 31 36 37 330 42 182 46 89 53 283 
1 33 1 45 1 189 1 55 6 189 10 55 15 117 16 341 20 193 25 300 31 36 39 330 46 182 52 89 61 283 
1 33 5 336 9 28 13 44 17 316 21 46 25 207 29 184 33 36 37 269 41 242 45 168 
1 33 1 336 1 28 1 44 5 336 9 28 13 44 17 316 22 46 27 207 32 184 37 36 42 269 47 242 52 168 
1 33 1 45 5 39 9 29 13 28 17 316 21 300 25 42 29 343 33 175 37 156 41 187 
1 33 1 45 1 39 1 29 5 39 9 29 13 28 17 316 23 300 29 154 35 343 41 163 47 156 53 187 
1 33 1 81 5 40 
1 106 7 106 
1 71 10 71 13 16 17 78 20 234 24 72 27 18 31 213 34 318 38 202 
1 106 7 106 
1 93 10 93 13 16 17 182 20 236 24 60 27 18 31 113 34 318 38 92 
1 310 3 45 7 71 13 267 21 54 31 240 43 72 
1 310 3 45 7 71 13 267 19 252 25 154 31 346 37 168 43 253 49 56 
1 310 1 45 1 71 1 267 
1 117 3 106 7 74 13 267 21 235 31 241 43 153 
1 1 3 106 7 74 13 267 19 252 25 259 31 185 37 13 43 207 49 326 
1 1 1 106 1 74 1 267 
1 64 1 45 4 116 8 98 13 17 19 104 26 283 34 332 43 97 
1 64 1 45 1 116 1 98 4 116 8 98 13 17 19 104 28 283 38 332 49 97 
1 45 1 55 7 48 13 17 21 54 31 98 43 228 55 97 
1 45 1 55 1 346 1 17 3 55 7 48 13 17 21 54 25 182 33 254 33 256 47 255 61 56 
1 45 6 93 11 104 16 100 21 347 26 94 31 286 36 248 41 95 46 138 
1 45 1 93 1 104 1 100 6 93 11 104 16 100 21 347 26 94 33 286 40 248 47 95 54 138 
1 45 1 93 1 104 1 100 6 93 11 104 16 100 21 347 26 94 33 286 42 248 51 95 60 138 
1 145 7 98 13 230 19 346 25 61 31 97 37 54 37 114 
1 145 1 98 1 230 1 346 7 98 13 230 19 346 26 16 33 184 40 78 47 318 53 18 
1 71 4 33 7 78 10 73 16 72 22 29 28 77 36 74 45 202 54 147 
1 71 1 33 1 78 1 73 4 33 7 78 10 73 16 72 22 29 23 183 28 68 36 327 45 170 54 223 
1 10 1 281 7 227 13 303 19 185 25 133 31 343 37 68 43 175 
1 10 1 116 1 227 1 253 7 227 13 253 19 154 25 203 31 163 37 68 43 264 49 179 
1 10 1 281 1 227 1 303 7 227 13 303 19 185 25 133 31 343 36 207 37 68 43 175 
1 10 1 106 5 141 9 28 14 154 19 170 25 206 31 189 38 232 45 91 
1 10 1 106 1 141 1 28 5 141 9 28 14 154 19 170 20 104 20 210 20 103 25 14 31 163 38 97 45 226 
1 10 1 106 5 141 9 28 14 154 19 170 25 180 31 109 38 247 45 288 
1 1 5 253 11 310 15 336 21 48 25 23 31 103 35 46 41 156 41 214 45 304 
1 1 1 253 1 310 1 336 5 253 11 310 15 336 23 48 29 23 37 103 43 46 51 156 51 214 57 304 
1 1 1 253 1 310 1 336 5 253 11 310 15 336 23 48 29 23 37 103 40 63 45 46 55 156 55 214 63 304 
1 33 1 116 4 28 10 292 13 233 19 252 22 18 28 282 31 265 37 187 40 203 46 69 49 179 
1 33 1 116 1 28 1 292 4 28 10 292 13 233 19 252 22 18 29 282 33 265 40 187 44 203 51 69 55 179 
1 150 3 204 6 39 10 145 15 21 21 55 
1 33 7 106 13 88 16 335 22 86 28 157 31 201 37 156 43 192 46 199 
1 45 1 33 3 39 7 213 13 47 15 3 19 274 25 204 27 185 31 343 37 215 39 38 
1 45 1 213 1 47 1 3 
1 43 1 10 5 193 9 101 13 310 17 154 21 252 25 197 29 185 33 282 37 109 41 247 45 212 
1 310 6 313 11 44 16 230 21 11 26 185 31 226 36 242 41 334 46 254 46 256 46 255 
1 33 4 106 7 189 10 29 13 232 17 334 21 46 25 36 29 231 34 182 39 319 44 38 
1 33 1 106 1 189 1 29 4 106 7 189 10 29 13 232 17 334 21 46 25 36 29 231 37 182 45 319 53 38 
1 33 1 106 1 189 1 29 4 106 7 189 10 29 13 232 17 334 21 46 25 36 29 231 37 182 50 319 63 38 
1 117 4 96 9 93 12 197 18 237 22 170 28 347 32 136 38 244 42 179 48 105 
1 7 1 9 1 8 1 117 1 96 1 93 1 197 4 96 9 93 12 197 18 237 22 170 28 347 32 136 40 244 46 179 54 105 
1 33 4 86 9 43 12 336 17 98 20 209 25 316 28 46 33 44 36 87 41 268 
1 33 1 86 1 43 1 336 4 86 9 43 12 336 17 98 20 209 25 316 31 46 39 44 45 87 53 268 
1 45 4 86 10 98 13 270 19 209 22 227 28 313 31 268 37 87 40 226 47 97 
1 45 4 86 10 98 13 270 19 209 22 227 28 204 31 268 37 87 40 226 47 97 
1 33 5 109 9 104 13 236 17 98 21 294 25 324 29 182 33 270 37 38 
1 33 5 230 9 204 13 236 17 98 21 273 25 227 29 260 33 270 37 343 
1 71 5 74 9 40 13 78 17 72 21 73 25 345 29 320 33 202 37 230 41 275 45 92 49 80 53 312 57 235 
1 1 6 281 9 139 14 124 17 133 23 227 28 92 34 254 34 255 34 256 39 188 
1 1 1 281 1 139 1 124 6 281 9 139 14 124 17 133 23 227 26 34 31 92 40 254 40 255 40 256 48 188 
1 43 1 44 7 99 13 116 16 184 22 242 28 103 31 36 37 207 43 97 
1 43 1 44 1 99 1 116 7 99 13 116 16 184 22 242 28 103 33 163 38 269 43 207 48 130 53 97 
1 150 5 45 10 55 14 205 19 250 23 310 28 352 32 54 37 156 41 323 46 133 50 56 
1 150 1 45 1 55 1 205 5 45 10 55 14 205 19 250 23 310 28 352 32 54 37 156 44 323 52 133 59 56 
1 45 1 33 11 52 19 222 25 116 29 36 31 133 35 89 41 53 49 38 
1 45 1 33 1 52 1 222 11 52 19 222 25 116 29 36 31 133 33 157 37 89 45 284 55 90 
1 52 4 123 7 174 14 108 17 83 20 34 27 182 30 53 33 334 40 133 43 175 46 257 
1 150 7 149 10 316 16 60 19 244 25 109 28 277 34 94 37 156 37 173 43 340 
1 150 1 149 1 316 1 60 7 149 10 316 16 60 19 244 25 109 28 277 37 94 43 156 43 173 55 340 
1 33 5 253 12 185 16 60 23 95 27 146 34 298 38 244 45 38 49 175 56 37 
1 44 9 28 17 185 25 328 33 242 41 91 49 201 57 63 
1 44 1 28 1 185 1 328 9 28 17 185 25 328 33 242 35 225 41 103 49 201 57 63 
1 44 1 28 1 185 1 328 9 28 17 185 25 328 33 242 35 225 41 103 53 201 65 63 
1 40 1 43 5 71 9 74 13 73 17 28 21 42 25 275 29 185 33 191 37 302 41 178 45 201 
1 40 1 43 1 71 1 74 5 71 9 74 13 73 17 28 21 42 25 275 29 185 35 191 41 302 47 178 53 201 
1 64 1 45 8 310 11 47 18 31 21 219 28 54 31 36 38 119 41 287 48 195 
1 64 1 45 1 310 1 47 8 310 11 47 18 31 21 219 28 54 31 36 35 225 40 349 45 287 54 195 59 143 
1 10 4 43 7 98 10 14 13 210 19 163 25 228 31 306 37 269 46 197 55 206 
1 35 7 122 10 44 16 342 19 103 25 137 28 242 34 305 37 207 43 114 
1 33 1 106 7 93 13 88 19 95 25 149 31 322 37 94 43 248 49 153 
1 33 1 106 7 93 13 88 19 83 25 149 31 322 37 157 43 76 49 153 
1 189 6 300 6 346 11 55 16 222 21 133 26 156 26 173 31 89 36 248 41 90 
1 321 1 189 1 300 1 346 6 300 6 346 11 55 16 222 21 133 26 156 26 173 36 89 46 248 56 90 
1 145 7 106 10 11 13 43 20 61 23 182 26 282 32 269 35 152 38 14 44 12 
1 145 1 106 1 11 1 43 7 106 10 11 13 43 20 61 23 182 26 282 34 269 39 152 44 14 52 12 
1 93 3 106 5 229 7 189 11 60 15 317 19 120 25 246 31 201 37 322 45 153 
1 100 1 93 1 106 1 229 3 106 5 229 7 189 11 60 15 317 19 120 25 246 31 201 36 63 42 322 55 153 
1 310 8 132 15 51 22 275 29 109 36 133 43 246 50 254 50 255 50 256 
1 310 1 132 1 51 1 275 8 132 15 51 22 275 29 109 36 133 48 246 60 254 60 255 60 256 
1 10 7 106 13 300 19 55 25 232 31 182 37 246 43 210 49 163 55 350 
1 10 1 106 1 300 1 55 7 106 13 300 19 55 25 232 31 182 37 246 46 210 55 163 64 350 
1 150 15 33 30 175 
1 55 5 35 10 346 15 287 20 352 25 239 30 105 35 240 40 56 45 213 50 219 
1 33 10 55 10 52 10 181 20 240 20 241 20 258 30 311 
1 168 1 39 1 310 1 122 1 10 4 20 7 185 12 154 17 60 24 103 31 163 40 164 49 246 
1 282 8 103 13 101 20 174 25 180 32 261 37 185 44 247 49 289 56 288 
1 282 1 103 1 101 1 174 8 103 13 101 20 174 25 180 32 261 39 185 48 247 55 289 64 288 
1 43 1 101 5 50 12 193 16 310 23 109 27 228 34 174 38 261 45 212 49 248 
1 20 1 43 1 101 1 50 5 50 12 193 16 310 23 109 27 228 34 174 37 325 41 261 51 212 58 248 
1 43 1 16 7 74 11 75 17 23 21 230 27 18 31 345 37 34 41 76 47 235 
1 35 6 45 9 310 14 93 17 36 22 253 25 281 30 149 33 38 38 215 41 219 46 94 
1 10 5 43 9 269 13 98 17 13 21 44 26 14 31 104 36 163 41 248 46 195 
1 150 1 204 1 227 15 68 15 243 15 219 15 194 
1 181 1 43 7 104 10 44 16 196 19 29 25 182 28 242 34 58 37 258 43 59 
1 181 1 43 1 104 1 44 7 104 10 44 16 196 19 29 25 182 28 242 34 58 42 258 53 59 61 329 
1 181 1 45 1 55 7 227 13 301 19 34 25 62 31 258 37 156 37 173 43 59 49 329 
1 181 1 45 1 55 1 227 7 227 13 301 19 34 25 62 31 258 39 156 39 173 47 59 55 329 
1 181 1 45 1 55 1 227 7 227 13 301 19 34 25 62 31 258 39 156 39 173 50 59 61 329 
1 128 1 55 1 250 1 334 
1 250 8 44 15 103 22 352 29 184 36 242 43 226 50 56 
1 250 8 93 15 97 22 352 29 133 36 94 43 226 50 56 
1 33 1 106 8 55 15 317 22 281 29 36 36 300 43 246 50 156 57 38 64 56 
1 33 4 204 12 55 16 97 24 36 28 213 36 186 40 175 48 219 
1 99 5 44 9 43 17 29 21 116 25 52 33 225 37 184 41 242 49 337 53 38 
1 99 1 44 1 43 1 29 5 44 9 43 17 29 21 116 25 52 30 182 38 225 47 184 56 242 69 337 78 38 
1 99 1 44 1 43 1 29 5 44 9 43 17 29 21 116 25 52 30 182 38 225 47 184 50 19 61 242 79 337 93 38 
1 36 
1 36 20 93 20 232 26 184 32 228 38 94 44 334 50 309 56 97 62 63 
1 36 1 93 1 232 1 184 20 93 20 232 26 184 32 228 38 94 44 334 55 309 66 97 77 63 
1 153 9 88 17 174 25 276 33 246 41 334 49 192 57 199 65 63 
1 153 9 196 17 174 25 276 33 246 41 133 49 192 57 199 65 63 
1 153 9 232 17 174 25 276 33 246 41 334 41 133 49 192 57 199 65 63 
1 149 5 273 10 270 15 219 20 225 25 346 30 287 35 296 40 94 45 105 50 204 
1 149 5 262 10 270 15 219 20 225 25 182 30 287 35 295 40 94 45 105 50 349 
1 352 5 184 15 246 20 34 30 347 35 58 45 56 50 156 60 329 65 38 75 323 
1 341 5 184 15 246 20 163 30 339 35 89 45 126 50 156 60 90 65 76 75 284 
1 239 5 184 15 246 20 337 30 349 35 242 45 19 50 156 60 245 65 200 75 63 
1 273 1 93 5 156 10 129 15 270 20 94 25 287 30 156 35 38 40 248 45 322 50 353 
1 43 1 35 5 101 10 104 15 282 20 228 25 94 30 129 35 97 40 105 45 354 50 245 
