151
1 33 1 45 7 73 13 22 20 77 27 75 34 74 41 79 48 76 
1 33 1 45 1 73 7 73 13 22 22 77 30 75 38 74 46 79 54 76 
1 33 1 45 1 73 1 22 7 73 13 22 22 77 30 75 43 74 55 79 65 76 
1 10 1 45 9 52 15 43 22 99 30 163 38 53 46 83 
1 10 1 45 1 52 9 52 15 43 24 99 33 163 42 53 56 83 
1 10 1 45 1 52 1 43 9 52 15 43 24 99 36 163 46 53 55 83 
1 33 1 39 8 145 15 55 22 44 28 110 35 130 42 56 
1 33 1 39 1 145 8 145 15 55 24 44 31 110 39 130 47 56 
1 33 1 39 1 145 1 55 8 145 15 55 24 44 31 110 42 130 52 56 
1 33 1 81 
1 106 7 106 
1 93 10 93 13 77 14 78 15 79 18 48 23 18 28 16 34 60 
1 40 1 81 
1 106 
1 31 12 31 16 116 20 41 25 99 30 42 35 97 
1 16 5 28 12 98 19 18 28 17 36 97 44 119 
1 16 1 28 5 28 12 98 21 18 31 17 40 97 49 119 
1 16 1 28 1 98 5 28 12 98 21 18 31 17 44 97 54 119 
1 33 1 39 7 98 14 158 23 116 34 162 
1 33 1 39 1 98 7 98 14 158 27 116 41 162 
1 64 1 45 9 43 15 31 22 119 29 65 36 97 
1 64 1 45 1 43 9 43 15 31 25 119 34 65 43 97 
1 35 1 43 10 40 17 44 24 137 31 103 38 51 
1 35 1 43 1 40 10 40 17 44 27 137 36 103 47 51 
1 84 1 45 6 39 8 86 11 98 15 104 20 21 26 85 33 97 41 87 50 113 
1 84 1 45 1 86 
1 10 10 28 17 163 24 40 31 129 38 154 
1 10 1 28 10 28 17 163 27 40 36 129 47 154 
1 45 1 33 8 10 12 24 17 40 23 39 30 44 38 154 
1 45 1 33 1 10 8 10 12 24 19 40 27 39 36 44 46 154 
1 33 1 10 1 39 1 34 8 10 12 24 23 34 
1 43 1 33 8 30 12 24 17 40 23 116 30 31 38 32 
1 43 1 33 1 30 8 30 12 24 19 40 27 116 36 31 46 32 
1 33 1 30 1 40 1 37 8 30 12 24 23 37 
1 1 1 45 13 47 18 3 24 107 31 118 39 111 48 113 
1 47 1 3 1 107 1 118 
1 52 1 39 16 98 21 46 28 109 35 53 42 83 
1 52 1 39 1 98 1 46 
1 47 9 1 14 50 19 111 24 3 29 156 34 34 39 38 
1 47 1 50 1 111 1 3 
1 141 10 48 15 44 21 109 28 17 36 114 
1 141 1 103 1 44 10 48 15 44 21 109 32 17 43 114 
1 71 15 77 17 78 19 79 24 51 33 80 46 76 
1 71 1 77 1 78 15 77 17 78 19 79 28 51 38 80 52 76 
1 78 1 79 1 51 1 80 15 77 17 78 19 79 
1 10 13 78 20 141 27 147 34 163 41 74 
1 10 1 78 1 141 13 78 20 141 30 147 39 163 48 74 
1 33 1 50 11 48 19 93 22 77 27 141 30 78 35 60 38 79 43 94 
1 33 1 50 1 48 1 93 22 77 27 141 30 78 38 60 43 79 50 94 
1 10 15 45 19 91 24 28 31 163 40 89 
1 10 1 45 1 91 15 45 19 91 24 28 35 163 47 89 
1 10 1 45 12 44 17 6 24 103 33 154 44 163 
1 10 1 45 1 44 1 103 12 44 17 6 24 103 37 154 51 163 
1 10 28 39 31 50 36 93 43 154 52 56 
1 10 1 39 1 50 28 39 31 50 39 93 48 154 59 56 
1 10 1 43 9 67 15 2 21 154 27 116 33 69 39 37 45 103 
1 10 1 43 1 67 1 2 9 67 15 2 21 154 27 116 28 99 37 69 46 37 45 103 
1 44 1 46 18 52 23 43 30 36 39 97 50 53 
1 46 1 52 1 43 1 36 
1 145 16 95 19 55 25 3 31 34 38 133 45 56 
1 145 1 95 1 55 16 95 19 55 26 3 33 34 41 133 49 56 
1 95 1 55 1 3 1 34 16 95 19 55 
1 100 
1 100 1 134 16 93 20 50 27 60 31 105 38 94 42 115 
1 100 1 134 16 93 20 50 27 60 31 105 38 94 42 115 
1 2 20 67 25 43 32 116 39 69 46 66 
1 2 1 67 1 43 20 67 25 43 36 116 44 69 52 66 
1 2 1 67 1 43 20 67 25 43 36 116 44 69 52 66 
1 22 1 74 13 35 15 77 18 79 21 78 26 51 33 75 42 21 
1 22 1 74 1 35 13 35 15 77 18 79 23 78 29 51 38 75 49 21 
1 79 1 78 1 51 1 75 13 35 15 77 18 79 
1 51 7 48 13 35 18 40 22 55 27 132 33 112 40 103 48 56 
1 51 1 48 1 35 7 48 13 35 18 40 22 55 27 132 35 112 43 103 50 56 
1 33 11 111 16 88 21 120 26 106 31 89 36 153 
1 33 1 111 11 111 16 88 21 120 29 106 36 89 43 153 
1 33 1 111 11 111 16 88 21 120 29 106 36 89 43 153 
1 52 30 39 32 23 35 45 39 83 43 36 48 97 
1 52 1 39 1 23 1 45 30 39 32 23 35 45 39 83 47 36 55 97 
1 93 18 50 22 29 27 45 33 55 40 133 48 94 
1 93 1 50 1 29 18 50 22 29 27 45 33 55 37 110 44 133 55 94 
1 33 21 49 25 84 29 48 35 86 41 129 47 103 
1 33 1 49 1 84 21 49 25 84 29 48 38 86 46 129 54 103 
1 64 1 28 7 43 15 31 23 14 31 97 39 163 
1 64 20 45 24 31 30 65 36 99 40 161 44 97 
1 64 1 45 1 31 20 45 24 31 30 65 39 99 45 161 51 97 
1 29 30 45 35 62 40 156 45 36 50 58 
1 29 1 45 1 62 30 45 35 62 44 156 50 36 56 58 
1 1 1 50 30 139 33 107 37 124 42 106 48 103 55 151 
1 1 1 50 1 139 30 139 33 107 37 124 45 106 53 103 60 151 
1 33 1 110 18 48 23 128 30 62 39 43 50 58 
1 110 1 48 1 128 1 62 50 131 
1 122 1 109 1 101 27 95 35 138 
1 122 1 109 1 101 29 95 38 138 
1 122 1 109 1 101 29 95 38 138 
1 33 1 103 15 20 19 88 25 99 33 21 43 106 
1 1 1 95 12 50 17 93 24 29 29 139 32 94 37 96 
1 1 1 95 1 50 1 93 12 50 17 93 24 29 33 139 37 94 43 96 
1 145 1 43 20 11 25 12 30 23 35 152 40 106 
1 145 1 43 1 11 20 11 25 12 34 23 42 152 49 106 
1 33 1 103 17 49 22 120 29 113 36 129 43 153 
1 33 1 103 1 49 17 49 22 120 29 113 40 129 50 153 
1 140 1 95 25 115 28 73 32 78 37 77 42 76 48 79 
1 140 1 95 28 23 
1 45 10 125 13 39 18 29 25 43 31 116 38 37 43 155 46 99 
1 125 1 39 10 125 13 39 18 29 25 43 33 116 41 37 48 155 55 99 
1 24 1 96 33 27 38 26 43 116 48 136 53 25 
1 4 1 97 33 7 38 8 43 9 48 5 53 68 
1 35 1 48 7 23 15 50 23 111 31 21 39 103 
1 33 1 123 32 124 37 108 40 120 45 114 48 153 
1 33 1 123 1 124 32 124 39 108 43 120 49 114 53 153 
1 30 30 23 35 39 40 31 45 32 50 43 55 36 
1 30 1 23 1 39 1 31 30 23 35 39 40 31 48 32 55 43 64 36 
1 1 1 39 12 3 24 47 30 45 38 107 44 111 48 113 54 38 
1 132 24 20 27 71 29 22 32 77 36 78 39 79 45 21 48 74 
1 4 1 99 26 44 31 39 36 5 41 43 46 146 
1 145 19 108 24 43 30 55 37 97 45 56 
1 145 1 108 19 108 24 43 30 55 41 97 52 56 
1 64 1 39 19 48 24 30 30 31 37 127 45 32 54 97 
1 64 1 39 1 48 19 48 24 30 30 31 39 127 48 32 54 97 
1 33 17 55 22 106 27 105 32 129 37 107 42 113 47 56 
1 33 1 55 1 106 
1 93 1 112 15 93 23 113 31 3 39 96 47 164 
1 98 17 43 20 116 24 104 29 163 35 14 42 97 50 17 
1 1 1 142 18 122 23 3 31 8 39 34 47 37 58 59 
1 98 1 43 34 84 37 103 42 9 49 113 54 87 
1 52 36 43 39 109 43 7 48 108 52 123 55 53 
1 11 21 20 25 69 30 12 36 116 43 106 49 163 54 14 
1 33 21 23 28 39 35 43 44 99 51 36 
1 150 15 33 
1 33 20 44 25 82 32 43 41 56 52 63 
1 55 1 45 16 47 20 54 25 34 31 109 38 58 46 56 
1 144 
1 33 1 39 8 28 16 45 23 98 30 44 36 116 42 36 
1 33 1 39 1 98 1 55 8 28 16 55 23 98 30 44 36 62 42 114 42 54 47 151 52 56 
1 33 1 39 1 98 1 84 8 28 16 84 23 98 30 24 36 42 42 86 47 97 52 87 
1 33 1 39 1 98 1 52 8 28 16 52 23 98 30 44 36 83 42 123 47 43 52 53 
1 33 1 159 1 160 23 60 28 105 35 97 42 161 
1 55 1 110 34 30 39 43 46 131 53 56 
1 55 1 110 1 30 34 30 39 43 44 131 49 56 
1 10 1 106 34 71 39 163 44 43 49 56 
1 10 1 106 1 71 34 71 39 163 46 43 53 56 
1 17 1 97 33 48 38 44 45 36 54 63 
1 29 1 133 1 156 35 34 41 106 48 38 56 63 
1 64 1 58 51 59 55 97 60 54 
1 84 1 65 51 87 55 97 60 113 
1 64 1 83 51 43 55 97 60 143 
1 35 1 43 10 86 20 97 30 21 40 82 50 63 
1 35 1 43 1 86 10 86 20 97 35 21 45 82 55 63 
1 35 1 43 1 86 1 97 10 86 20 97 35 21 45 82 60 63 
1 93 1 50 1 129 1 94 63 112 66 94 70 105 75 54 81 133 
1 1 10 144 20 5 30 118 40 94 
